0 0 0 0 0 0 0 0 0 case 0 0 0 root 0 0 0 0 0 0 0 0 0 0 0 0 0 
0 0 0 0 0 0 0 0 0 det 0 0 0 0 0 0 0 0 0 0 0 0 0 0 0 0 0 0 0 0 0 0 0 det 0 0 
0 0 0 0 0 det 0 0 0 0 0 0 0 det 
0 0 0 0 0 0 0 0 0 case 0 0 0 0 0 0 0 0 0 0 0 0 0 0 det 0 0 0 0 advmod 0 0 0 0 0 0 0 0 0 0 0 0 
0 0 0 0 0 0 0 0 0 0 0 det 0 0 0 0 0 det 0 0 
0 0 0 0 0 0 det 0 
0 0 det 0 0 0 0 0 0 0 0 0 0 0 0 0 0 0 0 0 0 0 0 0 0 0 0 0 0 0 0 0 0 0 0 0 0 0 0 0 0 0 0 0 0 0 0 0 0 0 0 0 0 0 0 0 0 punct 0 0 0 0 
0 0 0 0 0 0 punct 0 0 0 0 0 0 0 0 0 0 0 0 0 0 0 0 0 det 0 
0 0 0 0 0 0 0 0 det 0 0 0 0 0 0 0 0 0 0 0 0 0 0 0 0 0 0 0 0 0 0 0 0 0 0 0 0 0 0 0 0 0 0 0 0 0 0 0 0 0 0 0 0 0 0 0 0 0 0 0 0 det 0 0 
0 det 0 0 0 0 0 0 0 0 0 0 0 0 0 0 0 0 0 0 0 0 0 0 0 0 0 0 0 0 0 0 0 0 0 0 0 0 0 0 0 0 0 0 0 0 0 0 0 0 0 0 det 0 
0 0 0 0 0 0 0 det 0 0 0 0 0 0 0 0 0 0 0 0 0 0 0 0 det 0 0 0 
0 0 0 0 case 0 0 0 0 0 0 0 0 0 0 cop 0 
0 det 0 0 0 0 0 0 0 0 0 0 0 0 0 0 0 0 0 0 0 0 0 0 0 0 0 0 det 0 
0 0 0 0 0 0 0 0 det 0 0 0 0 0 0 0 0 0 0 0 0 0 0 0 0 0 0 0 0 0 0 0 0 det 
0 0 det 0 0 0 0 0 0 0 0 0 0 0 0 0 0 0 0 0 0 0 0 0 0 0 det 0 0 0 
0 0 0 0 0 0 0 0 0 0 0 0 0 0 0 0 0 0 0 det 0 0 0 0 0 0 0 0 0 0 0 0 0 0 0 0 0 0 0 0 0 0 0 0 0 0 0 0 0 0 0 punct 
0 0 0 0 0 0 det 0 0 0 0 0 0 0 0 case 0 
0 0 0 0 0 0 0 0 punct 0 0 0 0 0 0 0 0 0 0 0 0 0 0 0 0 0 0 0 0 0 0 0 0 0 0 0 0 0 0 0 0 0 0 0 det 0 0 0 0 0 
0 0 0 0 det 0 0 0 0 0 0 0 0 0 0 0 0 0 0 0 0 0 det 0 
0 0 0 0 0 0 0 det 0 0 0 0 0 0 0 0 0 0 0 0 0 0 0 0 0 0 0 0 0 0 0 0 0 0 0 0 0 0 0 0 0 punct 0 0 0 0 0 0 0 0 
0 0 0 0 0 0 0 det 0 0 0 0 0 0 0 0 0 0 0 0 0 0 det 0 0 0 
0 0 0 0 det 0 0 0 0 0 0 0 0 0 0 0 0 0 det 0 0 0 
0 0 amod 0 0 0 0 0 0 0 0 0 0 0 
0 0 0 0 0 0 0 case 
root 0 0 0 0 0 0 0 0 0 0 0 0 0 0 0 0 0 0 0 0 0 0 0 0 0 0 0 0 0 0 0 0 0 0 0 0 0 0 cop 0 0 0 0 0 0 
root 0 0 0 0 0 0 0 0 0 0 0 0 0 0 
0 0 0 0 0 0 aux 0 0 0 0 0 0 0 0 0 0 0 
root 0 0 0 0 0 0 0 0 0 0 0 0 0 0 0 0 0 0 0 
0 0 0 0 0 dobj 0 0 0 0 0 0 0 0 
0 0 0 0 0 0 0 0 0 0 0 0 auxpass 0 
0 0 0 0 0 0 0 0 0 nmod 0 0 0 0 0 0 0 0 0 0 0 
0 0 0 det 0 root 0 0 0 0 
0 0 0 0 dobj 0 0 0 0 0 0 0 0 0 0 
root 0 0 0 0 0 0 0 0 0 0 0 0 0 0 0 0 0 0 
root 0 0 0 0 0 0 0 0 0 0 0 0 0 0 0 0 0 0 
0 0 0 0 0 0 0 0 0 0 0 0 0 0 dobj 0 0 
root 0 0 0 0 0 0 0 0 0 0 
0 0 0 0 0 0 0 0 0 0 0 0 0 0 nmod 0 
0 0 0 0 0 0 0 0 0 0 0 0 0 0 0 0 0 0 dobj 0 0 0 
0 0 0 0 0 nsubj 0 0 0 0 0 0 
0 0 0 0 0 0 0 0 0 nmod 0 0 
0 0 0 0 0 0 0 0 0 0 0 0 nsubj 0 0 0 
0 0 0 nsubj 0 0 0 0 0 0 0 0 0 0 0 0 0 
0 0 0 0 0 0 amod 0 
0 0 0 0 0 0 0 0 0 0 nmod 0 0 0 0 0 0 0 0 0 0 0 0 
0 0 0 0 nsubj 0 0 0 0 0 0 0 cop 0 
0 nsubj 0 0 0 0 0 0 
0 0 0 0 0 0 0 0 0 0 compound 0 0 0 0 0 0 0 0 0 0 0 0 0 0 0 nummod 0 
0 0 0 0 0 0 0 0 0 0 0 amod 0 
0 0 0 0 0 mark 0 0 0 0 0 0 0 0 0 0 0 
0 0 0 acl 0 0 0 
0 0 0 0 0 0 0 0 0 0 0 0 0 0 0 0 0 0 0 0 advmod 0 0 
0 0 0 0 0 0 0 0 0 0 0 nsubj 0 0 0 0 0 
0 0 0 0 0 0 0 0 0 0 nsubj 0 0 0 0 
0 0 advmod 0 
0 0 0 0 0 0 0 0 0 0 0 0 0 appos 0 0 0 0 
0 0 0 0 0 0 nsubj 0 0 0 
0 0 0 0 0 0 0 0 dobj 0 0 0 0 0 0 0 0 0 0 0 0 case 0 0 0 0 0 0 0 0 0 nmod 0 
0 0 0 cop 0 0 nsubj 0 0 0 0 0 0 0 0 0 
0 0 0 0 0 0 0 0 0 nmod 0 0 0 0 0 0 
0 0 0 0 0 0 0 0 0 nsubjpass 0 0 0 0 0 
0 nsubjpass 0 0 0 0 0 0 0 
0 0 0 0 dobj 0 0 0 0 0 0 0 0 0 
0 nsubj 0 0 0 0 0 0 0 0 0 
0 0 0 0 0 0 nmod 0 0 0 0 0 0 0 0 0 0 0 0 0 
0 dep 0 0 
0 0 0 0 0 0 0 0 0 0 0 0 0 0 0 dobj 0 0 0 0 0 0 0 0 0 0 0 0 0 0 0 0 0 0 0 0 0 0 0 0 0 nmod 0 0 0 0 0 0 0 0 
root 0 0 0 
0 0 0 0 0 0 0 0 0 0 iobj 0 0 0 0 0 0 0 0 0 0 0 0 0 0 
0 0 0 0 dobj 0 0 0 0 0 0 0 0 0 0 0 
0 0 0 nmod 0 0 0 0 0 0 0 
0 nsubj 0 0 0 0 0 0 0 0 0 0 0 0 0 0 0 0 
0 0 0 0 0 0 0 0 0 0 0 0 0 0 0 advmod 0 0 0 0 
0 0 0 0 0 0 nsubj 0 
0 0 0 0 0 0 0 0 case 0 
0 0 0 0 0 0 0 0 0 0 case 0 
0 0 0 0 0 0 0 0 0 0 0 0 0 0 0 0 0 case 
0 0 0 0 0 0 case 0 0 0 0 0 0 0 0 0 0 0 0 0 0 0 0 0 0 0 0 0 case 0 
0 case 0 0 0 0 0 0 0 0 0 0 0 0 0 0 0 nmod 0 0 0 0 0 0 0 0 0 case 0 0 0 0 0 0 0 0 
0 case 0 0 
0 0 0 0 0 0 0 0 0 0 0 0 0 0 0 0 0 0 0 case 0 
0 0 0 0 0 0 0 0 0 0 case 0 
0 0 0 0 0 0 0 0 0 0 mark 0 0 0 
0 0 0 0 0 0 0 0 0 0 0 0 0 0 case 0 0 0 0 0 
0 0 0 0 0 0 0 0 0 0 0 0 0 0 case 0 0 0 0 0 0 0 0 0 0 0 0 0 0 0 0 0 0 0 0 0 0 0 0 nmod 0 0 
0 0 0 0 0 0 0 0 0 0 0 0 case 0 0 0 0 0 0 0 0 0 0 0 0 0 0 0 0 0 0 0 0 0 0 0 0 0 0 det 0 0 0 0 0 0 0 0 0 0 0 0 0 0 0 0 0 0 0 0 0 0 0 0 0 0 amod 0 0 0 0 0 0 0 0 0 0 0 0 0 0 0 0 0 0 0 0 0 0 0 0 0 0 compound 0 0 0 0 0 0 0 0 0 0 
0 0 0 0 ccomp 0 0 0 0 0 0 0 0 0 0 0 0 0 0 0 0 0 0 0 0 0 0 0 0 0 0 0 0 0 0 0 0 0 0 0 0 0 0 0 0 0 0 cop 0 0 
0 0 0 0 case 
0 0 0 0 0 0 0 0 0 case 0 0 0 
0 0 case 0 0 0 0 0 0 0 0 0 0 0 0 0 
0 0 0 0 0 0 0 0 0 case 0 0 
0 0 0 0 0 0 0 0 0 0 case 0 0 0 0 0 0 0 0 0 0 0 0 0 0 nmod 0 0 0 0 0 0 0 0 0 0 0 0 0 0 0 0 0 0 0 case 0 0 
0 case 0 0 0 0 0 0 0 0 0 0 0 0 0 0 0 0 0 0 0 0 0 0 0 0 0 0 0 0 0 0 0 0 0 nmod 0 0 0 0 0 0 0 0 0 0 0 0 0 case 0 0 0 0 0 0 0 0 0 0 0 0 0 0 0 0 0 0 0 
0 0 0 0 0 0 0 0 0 0 0 0 0 0 0 0 nmod 0 0 
0 0 0 0 0 0 0 case 0 0 
0 0 0 0 0 0 0 cop 0 0 
0 0 0 0 0 0 case 
0 0 0 0 0 0 0 0 0 0 0 advmod 0 0 0 0 0 
0 0 0 0 0 0 0 0 0 0 0 0 0 0 advmod 0 
0 0 0 0 0 0 0 0 0 0 0 det 0 0 0 0 0 0 0 0 0 0 0 0 0 0 dobj 0 0 0 0 0 0 0 0 0 0 0 0 0 0 0 0 0 0 advmod 0 0 
root 0 0 0 0 0 0 0 0 0 0 0 0 0 0 
0 0 0 0 0 0 0 0 0 0 0 0 amod 0 0 0 0 0 0 0 0 0 0 0 0 0 0 0 0 0 0 0 0 amod 
0 0 0 0 0 0 0 0 0 0 0 0 0 0 0 advmod 0 
0 0 0 0 0 0 0 0 0 0 0 dobj 0 0 0 0 0 0 0 0 0 0 0 0 0 0 0 0 0 0 0 0 advmod 0 0 0 0 0 0 0 
0 0 0 0 compound 0 0 0 0 0 0 0 0 0 0 0 0 0 0 0 0 0 0 0 nummod 0 0 0 0 0 0 0 0 0 0 0 0 0 0 0 det 0 0 0 0 root 0 0 0 0 0 0 0 0 0 0 0 0 0 0 0 0 0 0 0 0 0 0 0 0 0 0 0 case 0 
0 advmod 0 0 0 0 0 0 0 0 0 0 0 0 0 0 0 
0 0 0 0 advmod 0 0 0 0 0 0 0 0 0 
0 0 0 0 0 advmod 0 0 0 0 0 0 0 0 0 0 
0 0 0 0 0 0 0 0 0 0 0 0 advmod 0 0 0 0 0 0 0 0 0 0 0 0 0 0 0 0 0 0 0 0 advmod 0 0 0 0 0 0 0 0 0 0 0 0 advcl 0 0 0 0 0 0 0 0 0 0 0 0 0 
0 0 0 0 0 cop 0 0 0 0 0 
0 0 0 0 0 0 0 0 0 0 0 0 0 0 conj 0 0 0 0 0 
0 0 0 0 0 0 0 0 0 0 0 0 0 amod 0 0 0 0 
0 0 0 amod 0 0 0 0 0 0 0 0 0 0 0 
0 0 0 0 advmod 0 
root 0 0 0 0 0 0 0 0 0 0 0 0 0 0 0 mark 0 0 0 
0 0 0 0 0 0 0 0 0 dobj 0 0 0 0 0 0 0 0 0 
0 0 0 advmod 0 0 0 0 0 0 0 0 0 0 0 0 0 0 
0 0 0 0 0 0 0 0 0 0 amod 0 0 0 
0 0 0 0 0 0 0 0 0 advmod 0 0 0 0 0 0 0 0 0 0 0 0 0 0 0 advmod 0 0 0 0 0 0 0 0 0 0 
0 0 0 0 advmod 0 0 0 0 0 0 0 0 0 0 0 0 0 
0 0 0 0 0 0 0 0 0 0 0 0 0 0 0 0 0 0 0 0 0 0 amod 
0 0 0 0 0 0 0 0 0 0 0 0 0 0 0 0 0 0 amod 0 0 
0 0 0 0 0 0 0 det 0 0 0 0 0 0 0 0 0 0 0 dobj 0 0 0 0 0 0 0 0 0 0 0 0 0 0 0 advmod 0 0 0 
0 0 0 0 0 0 0 0 0 0 0 nmod 0 0 0 0 
0 0 0 0 0 0 0 0 0 det 0 0 0 0 0 0 0 0 0 0 0 0 root 0 0 0 0 0 0 0 0 0 0 0 0 0 0 0 0 0 0 0 0 0 
0 0 0 xcomp 0 
0 0 0 0 0 0 0 advmod 0 0 0 0 0 0 0 0 0 0 0 0 0 0 0 0 0 0 0 0 0 0 det 0 0 0 0 0 0 0 0 0 0 0 0 0 0 0 0 0 0 0 0 0 0 amod 0 0 0 0 0 0 0 0 0 0 0 0 
0 0 0 ccomp 0 0 0 0 0 0 0 0 
0 0 0 0 0 0 0 0 0 0 0 0 dep 0 0 0 0 0 0 0 0 0 0 0 advmod 0 0 0 0 0 0 0 0 0 0 0 0 0 0 dobj 0 0 
0 0 0 0 0 0 0 0 0 0 0 0 advmod 0 0 0 0 0 
0 0 0 0 0 0 0 0 0 0 0 0 amod 0 0 
root 0 0 0 0 0 0 0 0 0 0 0 0 0 0 0 0 0 0 0 0 
0 0 0 0 0 0 0 0 0 0 advcl 0 0 0 0 0 0 0 0 0 0 0 0 0 0 0 0 0 0 0 0 compound:prt 0 0 
root 0 0 0 0 0 0 0 0 0 0 0 0 0 
0 0 0 0 0 acl:relcl 0 0 0 0 0 0 0 0 0 0 0 0 0 0 0 0 0 0 0 case 0 0 0 0 
root 0 0 0 0 0 0 0 
root 0 0 0 0 0 0 0 0 0 0 0 0 0 0 
root 0 0 0 0 0 0 0 0 0 0 0 0 0 0 0 0 0 0 0 0 
0 0 0 0 0 advcl 0 0 0 0 0 0 0 
0 0 0 0 nsubj 0 0 0 root 0 0 0 0 0 0 0 
0 0 0 ccomp 0 0 0 0 0 0 0 0 0 0 0 0 0 0 0 0 0 0 0 0 0 0 0 0 mark 0 0 0 0 0 0 0 
0 0 0 0 0 0 0 0 0 0 0 acl:relcl 0 0 0 0 0 0 0 0 0 0 0 0 0 0 0 0 0 case 
0 0 0 0 0 0 0 0 0 0 0 conj 0 0 0 0 0 0 0 0 0 0 0 0 0 0 0 0 0 0 0 0 0 0 0 0 0 0 0 0 0 0 case 0 0 0 
0 0 0 0 0 0 0 0 0 0 0 0 0 0 xcomp 0 0 0 0 0 
0 0 0 0 0 0 0 0 0 0 0 0 0 0 xcomp 0 0 0 0 0 0 0 0 0 0 0 0 0 0 0 0 0 0 0 0 0 case 0 
root 0 0 0 0 0 0 0 0 0 0 0 0 0 0 0 0 0 0 0 0 0 0 case 0 0 0 0 0 0 0 0 
root 0 0 0 0 0 0 0 0 0 0 0 0 0 0 0 0 0 0 0 0 0 0 
root 0 0 0 0 0 0 0 0 0 0 0 0 0 0 0 0 0 0 0 0 0 0 0 0 0 0 0 0 0 0 0 0 0 compound:prt 0 0 0 0 0 0 0 
0 dep 0 0 0 0 0 0 0 
0 0 0 0 0 0 ccomp 0 0 0 0 0 0 0 0 0 0 0 0 0 0 0 0 0 0 0 0 0 0 compound:prt 0 0 
root 0 0 0 0 0 0 0 0 0 0 0 0 0 0 0 0 
0 0 0 0 0 0 0 0 0 0 0 0 0 0 0 0 nsubj 0 0 0 0 0 0 
0 0 0 0 0 ccomp 0 0 0 0 0 0 0 0 0 0 0 0 0 0 0 0 0 0 0 0 0 xcomp 0 0 0 0 0 0 
0 0 0 0 0 0 0 0 0 0 0 advmod 0 0 0 0 0 0 0 0 0 0 0 0 
0 conj 0 0 0 0 0 0 0 0 0 0 0 0 0 0 0 0 0 0 0 0 0 0 0 0 0 0 0 0 0 0 0 compound:prt 0 0 0 0 0 0 
0 0 0 0 0 0 0 0 0 0 0 0 0 aux 0 0 0 0 root 0 0 0 0 0 0 0 0 0 0 0 0 0 0 0 0 0 
root 0 0 0 0 0 0 0 0 0 0 0 compound:prt 0 0 0 0 0 0 0 
0 0 0 0 0 advcl 0 0 0 0 0 0 0 0 0 0 0 0 0 0 0 0 0 0 0 0 0 0 compound:prt 0 0 0 
root 0 0 0 0 0 0 0 0 0 0 0 0 0 0 0 case 0 
0 0 0 0 0 0 0 0 0 0 0 ccomp 0 0 0 0 0 0 0 0 0 0 0 0 0 0 0 0 0 0 0 0 0 0 0 0 0 0 0 0 compound:prt 0 0 0 0 0 
root 0 0 0 0 0 0 0 0 0 0 0 0 0 0 0 0 0 0 0 0 compound:prt 0 0 0 0 0 0 0 0 0 0 
root 0 0 0 0 0 0 0 0 0 0 0 0 0 0 0 0 0 0 0 0 0 0 0 0 0 0 0 0 compound:prt 0 0 0 0 0 0 0 0 
root 0 0 0 0 0 0 0 0 0 0 0 0 0 0 0 case 0 0 0 
0 0 0 0 0 0 0 0 0 0 0 0 0 0 0 0 0 0 0 advcl 0 0 0 0 0 0 0 0 0 0 0 0 0 0 0 0 0 0 0 0 0 0 0 0 0 0 0 0 0 0 0 case 0 0 
0 0 0 0 0 0 0 0 0 0 0 0 0 0 ccomp 0 0 0 0 0 0 0 0 0 0 0 0 0 0 0 0 0 0 0 0 compound:prt 0 0 0 0 
0 0 0 0 0 0 0 0 0 auxpass 0 0 0 0 0 0 0 0 ccomp 0 0 0 0 0 0 0 
0 0 0 0 0 aux 0 0 0 0 0 0 0 0 0 0 0 0 0 advmod 0 0 0 0 0 0 root 0 0 0 0 0 0 0 0 0 0 0 0 
0 0 0 0 0 0 0 0 0 0 0 aux 0 0 0 0 0 0 0 0 0 0 0 0 0 auxpass 0 0 ccomp 0 0 0 0 0 0 0 0 0 0 
0 0 0 0 0 0 0 0 0 0 0 0 0 0 0 0 0 aux 0 0 0 0 0 0 0 0 0 0 0 0 0 0 0 0 0 0 0 0 0 0 neg 0 0 0 0 0 0 0 0 0 0 0 0 0 0 0 0 0 0 0 0 0 0 auxpass 0 0 
0 0 0 0 0 0 0 0 0 0 0 0 0 0 0 0 0 0 0 0 0 0 aux 0 0 0 0 0 0 0 0 0 0 0 0 0 0 0 0 0 0 0 advcl 0 0 0 0 0 0 0 0 0 
0 0 0 0 0 0 0 0 0 0 aux 0 0 0 0 0 0 0 0 0 0 0 0 0 0 neg 0 0 
0 0 0 0 nsubj 0 0 0 0 0 0 0 0 0 0 0 0 0 0 0 0 0 0 0 0 0 0 0 0 0 0 0 0 0 0 0 0 0 0 nsubj 0 0 0 0 0 0 0 0 0 0 0 0 0 0 0 0 0 0 0 0 0 aux 0 
0 0 0 0 0 0 0 0 0 0 0 0 0 0 aux 0 0 0 0 0 0 0 0 0 0 0 0 0 0 0 0 0 0 auxpass 0 0 0 0 0 0 0 0 0 0 advcl 0 0 0 0 0 0 0 0 0 
0 0 0 aux 0 0 root 0 0 0 0 0 0 0 0 0 compound:prt 0 
0 0 0 aux 0 0 0 0 0 0 neg 0 
0 0 aux 0 0 0 0 0 0 root 0 0 0 0 0 0 0 0 
0 0 aux 0 0 0 root 0 0 0 0 0 
0 0 0 0 0 nsubj 0 0 0 0 0 0 0 0 0 0 0 0 aux 0 0 0 0 0 0 0 0 0 0 0 0 aux 0 0 0 0 
0 0 0 0 0 aux 0 0 0 0 0 0 0 0 0 0 0 0 0 0 0 neg 0 0 0 0 0 0 0 0 
0 0 aux 0 0 0 0 0 root 0 0 0 0 0 0 0 
0 0 0 0 0 0 conj 0 0 0 0 0 0 0 0 0 0 0 
0 0 aux 0 0 0 0 0 0 0 0 root 0 0 0 0 0 0 0 0 0 0 
0 0 0 aux 0 0 0 0 0 0 0 0 0 0 0 0 root 0 0 0 0 0 0 0 0 0 0 0 0 0 0 0 
0 0 0 nsubj 0 0 0 0 0 0 0 0 0 0 0 0 0 0 0 0 aux 0 0 0 0 0 0 0 0 0 0 0 root 0 0 0 0 0 0 0 0 0 0 0 0 0 0 0 
0 0 0 0 0 0 0 0 0 0 0 0 0 0 aux 0 0 0 0 0 0 0 0 0 0 0 0 0 0 0 0 auxpass root 0 0 0 0 0 0 0 0 0 0 0 0 0 0 0 
0 0 0 0 0 0 0 0 0 0 0 0 0 nsubj 0 
0 0 0 0 0 0 0 0 0 0 0 0 0 0 0 aux 0 0 0 0 0 0 0 0 0 0 0 0 0 0 0 0 0 0 0 0 auxpass 0 0 0 root 0 0 0 0 0 0 0 0 0 0 0 0 0 0 0 0 0 0 0 
0 0 aux 0 0 0 0 0 0 0 0 0 0 0 0 neg 0 0 0 0 0 0 0 0 
0 0 0 0 0 0 0 0 0 0 0 ccomp 0 0 0 0 0 0 0 0 0 0 0 xcomp 0 0 0 0 0 0 
0 0 aux 0 0 0 0 0 0 neg 0 0 
0 0 0 0 0 0 0 0 0 0 0 0 0 0 0 0 0 0 0 aux 0 0 0 0 0 0 0 0 0 0 0 0 0 0 0 0 0 0 0 0 acl:relcl 0 0 0 0 0 0 0 0 0 
root 0 0 0 0 0 0 0 0 0 0 0 0 
root 0 0 0 0 0 0 0 0 0 0 0 0 0 0 0 0 
0 0 0 0 0 0 aux 0 0 0 0 0 0 0 0 0 0 0 0 0 0 0 0 0 0 0 0 0 auxpass 0 0 0 0 0 0 0 0 0 0 0 0 0 0 0 0 0 0 0 0 0 0 0 advcl 0 0 0 0 0 0 0 0 0 0 
0 aux 0 0 0 0 0 0 0 0 nsubj 0 0 0 0 0 root 0 0 0 0 0 0 0 
0 0 0 0 0 0 cop 0 0 0 0 0 
0 0 nsubj 0 0 0 0 0 0 0 0 0 
0 0 aux 0 0 0 0 0 0 0 0 0 0 0 0 0 0 aux 0 0 0 0 0 0 0 0 0 0 
0 0 0 0 0 0 0 0 0 0 0 0 aux 0 0 0 0 
0 0 nsubj 0 0 0 0 0 0 0 0 
0 0 aux 0 0 0 0 
0 0 0 0 0 0 0 0 0 0 aux 0 0 0 0 0 
0 0 0 0 0 0 0 aux 0 0 0 
0 0 nsubj 0 0 0 0 
0 0 0 0 0 0 0 0 0 aux 0 0 0 0 0 0 0 0 0 0 0 0 0 0 0 0 0 0 0 0 0 0 0 0 conj 0 0 0 0 0 0 0 0 0 0 0 0 0 0 0 0 0 0 0 0 0 0 0 0 mark 0 0 0 
root 0 0 0 0 0 0 0 0 0 0 0 0 0 0 0 neg 0 0 0 0 0 0 0 0 0 0 0 0 0 0 0 0 aux 0 0 0 0 0 0 0 0 
0 0 nsubj 0 0 0 0 0 0 0 0 0 0 
0 aux 0 0 0 0 0 0 0 0 0 0 0 0 0 0 0 0 0 0 nsubjpass 0 0 0 0 0 0 0 0 0 0 0 0 0 0 0 0 0 0 auxpass 0 0 0 0 0 0 0 0 0 0 0 0 0 0 
0 0 aux 0 0 0 0 0 0 0 aux 0 0 0 root 0 0 0 0 0 0 
0 0 0 aux 0 0 0 0 0 0 0 0 0 0 0 0 0 0 0 0 0 0 
0 0 0 0 0 0 0 aux 0 0 0 0 0 0 0 0 0 0 0 0 
0 0 aux 0 0 0 0 
0 0 0 0 0 0 0 0 0 0 0 0 0 0 0 0 0 0 aux 0 
0 0 0 0 nsubj 0 0 0 0 0 0 0 0 0 0 0 0 0 0 0 0 0 aux 0 0 0 0 0 0 0 0 0 0 0 0 0 0 0 0 0 neg 0 0 0 0 0 0 0 0 0 0 
0 0 0 0 0 0 0 0 0 0 aux 0 0 0 0 0 0 0 0 0 0 
0 0 0 0 nsubj 0 
root 0 0 0 0 0 0 0 0 0 0 0 0 0 
0 0 0 0 aux 0 0 0 0 0 0 0 0 0 0 0 0 0 0 
0 0 nsubj 0 0 0 0 
0 0 aux 0 0 0 0 0 0 0 0 0 0 0 0 0 0 0 0 0 0 0 0 0 0 0 neg 0 0 0 0 0 0 0 0 0 0 0 0 0 0 0 0 0 0 0 
0 0 0 0 nmod 0 0 0 
0 aux 0 0 0 0 0 0 0 0 0 
0 0 0 0 0 0 nsubj 0 0 0 0 0 0 0 0 mark 0 0 0 0 0 0 
0 0 dobj 0 0 0 0 0 
0 0 0 0 0 0 0 0 0 auxpass 0 0 0 0 0 0 0 0 0 0 0 0 0 0 0 0 0 0 0 acl 0 0 0 0 0 0 0 0 0 0 0 0 0 0 0 0 0 0 0 0 0 0 cc 0 0 0 0 0 0 0 0 0 0 0 0 0 0 0 0 0 0 0 0 0 conj 0 0 0 0 0 0 0 0 0 
0 0 0 ccomp 0 0 0 0 0 0 
0 0 0 0 dobj 0 0 
0 0 0 0 0 0 0 advcl 0 0 0 0 0 0 0 0 0 0 0 0 
root 0 0 0 0 0 0 0 0 0 0 0 0 0 0 0 0 
0 0 0 0 xcomp 0 0 0 0 0 0 0 0 0 0 0 0 mark 0 0 0 0 0 0 0 xcomp 0 0 0 0 0 0 
0 mark 0 0 0 0 0 0 0 0 0 0 0 0 0 0 0 0 0 0 0 0 advcl 0 0 0 0 0 0 0 0 0 0 0 
0 0 0 0 0 0 mark 0 0 0 0 0 0 0 0 0 0 0 0 0 0 0 0 0 0 0 0 0 0 0 0 aux 0 0 0 0 0 0 0 0 0 0 0 0 0 0 0 0 0 0 0 0 0 0 0 0 cop 0 0 0 0 0 0 0 0 0 0 0 0 0 0 0 
0 0 0 0 advcl 0 0 0 0 0 0 0 0 0 0 0 0 0 0 
0 0 0 0 0 0 0 0 0 0 0 0 acl 0 0 0 0 0 0 0 0 0 0 0 0 0 
0 0 0 0 0 0 0 0 0 mark 0 0 0 0 0 0 0 0 0 0 0 0 0 0 0 0 0 xcomp 0 0 0 0 0 0 0 0 0 0 0 0 0 0 0 0 
0 0 conj 0 0 0 0 0 0 0 0 0 0 0 0 0 0 0 0 0 0 0 0 
0 0 0 0 0 0 0 0 0 0 0 0 0 0 0 0 0 0 mark 0 0 0 0 0 0 0 0 0 0 0 0 0 0 0 0 0 0 0 0 0 0 0 aux 0 0 0 0 0 0 0 0 0 0 0 0 0 0 0 0 0 0 0 0 0 0 xcomp 0 0 0 0 0 0 0 0 0 0 0 0 
0 0 0 0 0 0 0 0 0 0 0 0 0 0 advcl 0 0 0 
0 0 0 0 0 0 0 neg 0 0 0 0 0 0 0 xcomp 0 0 0 0 
0 0 0 0 0 0 0 acl 0 0 0 0 0 0 0 0 
0 0 0 advcl 0 0 0 0 0 0 0 0 0 0 0 0 0 0 0 0 0 0 0 0 
0 0 0 0 0 0 0 0 0 0 0 0 0 0 acl 0 0 0 0 0 0 
0 0 0 0 0 acl 0 0 0 0 0 0 0 0 0 0 
0 0 0 0 0 0 0 0 0 advcl 0 0 0 
0 0 0 0 0 0 0 0 0 0 0 0 0 0 0 dep 0 
0 0 0 0 0 0 0 0 0 0 0 0 mark 0 0 0 0 0 0 0 0 0 0 0 0 0 0 0 0 0 0 xcomp 0 0 0 0 0 0 0 0 
root 0 0 0 0 0 0 0 0 0 0 0 0 0 0 0 0 
0 0 0 0 0 0 0 0 0 0 0 0 0 0 xcomp 0 0 0 0 
0 0 0 0 0 0 0 0 0 0 advcl 0 0 0 0 0 
0 0 0 0 0 0 0 0 0 0 0 0 0 0 0 0 0 0 0 0 0 0 0 0 mark 0 0 0 0 0 0 0 0 0 0 0 0 0 0 0 0 0 0 0 0 0 0 0 0 0 0 auxpass 0 0 0 0 0 0 0 0 0 0 0 0 0 0 0 0 0 0 0 0 0 0 0 xcomp 0 0 
0 0 0 0 0 0 0 0 0 0 0 0 0 xcomp 0 0 0 0 0 0 0 0 
0 0 0 0 mark 0 0 0 0 0 0 0 0 0 0 0 0 0 0 0 0 0 auxpass 0 0 0 0 0 0 0 0 0 0 0 0 0 0 xcomp 0 0 0 0 0 0 0 0 0 0 0 0 0 
0 0 0 0 0 0 dep 0 0 0 0 0 0 
0 0 0 0 advcl 0 0 0 0 0 0 0 0 0 0 0 compound:prt 0 0 0 0 0 0 0 0 0 0 0 0 0 
0 0 0 0 0 0 0 0 0 0 0 0 mark 0 0 0 0 0 0 0 0 0 0 0 0 0 0 0 0 0 auxpass 0 0 0 0 0 0 0 0 0 xcomp 0 0 0 0 0 0 0 0 0 0 
0 0 0 0 0 0 0 det 0 0 0 0 0 0 0 0 0 0 0 0 0 0 0 0 0 0 0 0 0 nsubj 0 0 0 0 0 0 0 0 0 0 0 0 0 0 0 0 0 aux 0 0 0 root 0 0 0 0 0 0 0 0 0 0 0 0 0 0 0 0 0 0 0 0 0 0 0 0 0 0 0 0 0 0 iobj 0 0 0 0 0 0 0 0 0 0 0 0 0 0 0 0 0 det 0 0 0 0 0 0 0 0 0 0 0 0 0 0 0 0 0 amod 0 0 0 0 0 0 0 0 dobj 0 0 0 0 0 0 0 0 
0 dep 0 0 0 0 0 0 0 0 
0 0 nmod 0 0 0 0 0 0 0 0 0 0 0 
0 0 0 0 0 nsubj 0 0 0 0 0 0 0 0 
0 0 0 0 0 0 advmod 0 
0 0 0 0 0 0 0 0 dobj 0 
0 0 0 0 ccomp 0 0 0 0 0 0 0 
0 0 0 0 advmod 0 0 0 0 0 
0 0 0 0 0 0 0 dobj 0 0 0 0 0 0 0 0 0 
0 compound 0 0 0 0 0 0 0 0 0 0 0 
0 0 0 0 0 0 0 0 0 0 0 0 0 0 0 punct 0 0 0 0 0 0 
0 0 0 0 0 0 0 0 0 mark 0 0 0 0 0 0 0 
0 nsubj 0 0 0 0 0 0 0 0 0 0 0 
0 0 0 0 0 0 0 0 0 0 0 0 0 0 0 0 0 mark 0 0 0 0 0 
0 0 0 0 0 0 0 0 0 0 nsubjpass 0 0 0 0 0 0 0 0 0 0 0 0 0 0 0 0 0 0 0 neg 0 0 0 0 0 0 0 0 0 0 0 0 0 0 0 0 0 0 0 auxpass 0 0 0 0 0 0 0 0 0 0 0 conj 0 0 0 0 0 0 0 
0 0 0 0 0 0 0 0 0 0 dobj 0 0 0 0 0 0 0 0 0 0 0 0 0 0 0 0 0 0 0 0 0 0 0 0 0 0 0 0 0 0 0 0 0 0 0 0 0 punct 0 0 0 0 0 
0 0 0 0 0 0 0 0 0 dobj 0 0 0 
0 0 0 0 0 0 mark 0 0 0 0 0 0 0 0 0 0 0 0 0 
0 0 0 0 0 0 0 0 dobj 0 0 0 0 0 
0 dobj 0 0 0 0 0 0 0 0 0 0 0 
0 0 0 0 dobj 0 0 0 
0 0 0 0 0 0 0 0 0 mark 0 0 0 0 0 0 0 0 
0 0 0 0 0 0 0 0 0 0 0 0 0 0 0 0 dobj 0 
0 0 0 0 0 mark 0 0 
0 0 0 0 0 0 0 0 0 0 dobj 0 0 0 0 
0 0 0 0 0 0 0 nsubj 0 0 0 0 0 0 
0 0 0 0 0 0 0 dobj 0 0 0 0 0 0 0 0 0 0 0 0 0 0 0 0 0 0 0 0 0 0 0 0 advmod 0 0 0 
0 0 0 0 0 0 0 0 mark 0 0 0 0 0 0 
0 0 0 0 0 0 0 0 0 mark 0 0 0 0 0 0 0 0 0 0 0 0 0 0 0 0 0 dobj 
0 0 0 0 0 0 0 0 0 0 0 0 advmod 0 0 0 0 0 
0 0 0 0 0 0 0 0 0 0 0 0 0 nmod 0 0 0 
0 0 0 0 0 0 0 0 0 0 0 0 nsubj 0 0 0 0 
0 0 0 0 0 0 0 0 0 0 0 0 mark 0 0 0 0 0 0 0 0 0 0 0 0 0 0 0 0 0 advmod 0 0 0 
0 0 0 0 0 0 0 0 advmod 0 0 0 0 0 
0 0 nsubj 0 0 0 0 0 0 0 0 0 0 0 0 0 0 0 0 0 0 0 0 0 0 0 0 0 0 0 0 0 0 0 0 0 0 0 0 0 0 0 0 0 0 0 nsubj 0 
0 0 advmod 0 0 0 0 0 0 0 0 0 0 0 0 0 0 
0 0 0 0 0 0 0 0 0 0 0 0 0 0 0 0 0 case 0 0 0 0 0 0 0 0 0 0 0 0 0 0 0 0 0 0 0 0 0 nmod 0 0 
0 0 0 0 0 0 0 0 0 0 0 0 0 0 0 0 0 0 0 0 mark 0 0 0 0 0 0 0 0 0 0 0 0 0 0 0 0 0 0 0 0 0 0 0 0 0 0 0 dobj 0 0 0 0 0 
0 0 0 0 0 nsubj 0 0 0 0 0 0 0 
0 0 0 0 0 0 0 0 0 0 nmod:poss 0 0 0 
0 0 0 0 0 0 0 0 0 0 0 0 case 0 0 0 0 0 0 0 0 0 0 0 0 0 0 0 0 nmod 0 0 
0 0 0 0 0 0 0 0 0 advmod 0 0 0 0 
0 0 0 0 0 0 0 0 0 0 0 case 0 0 0 0 0 0 0 0 0 0 0 0 0 0 0 0 0 0 0 0 0 nmod 0 0 0 0 0 0 
0 0 0 0 0 0 0 0 0 0 0 0 0 0 0 0 0 0 nsubj 0 0 0 0 0 0 0 0 0 0 0 0 0 0 0 0 0 0 case 0 0 0 0 0 0 0 0 0 0 0 0 0 0 0 0 0 0 0 nmod 0 0 0 0 0 
0 0 0 0 0 0 0 0 0 0 0 0 0 advmod 0 0 0 
0 0 0 0 0 0 0 0 0 dep 0 0 0 0 0 0 0 0 0 0 0 0 0 0 0 0 0 0 0 0 0 0 0 case 0 0 0 0 0 0 0 0 0 0 0 0 0 0 0 0 0 0 0 0 0 0 0 0 nsubjpass 0 0 0 0 0 0 0 0 0 0 
0 0 0 0 0 0 0 0 0 0 0 case 0 0 0 0 0 0 0 0 0 0 0 0 0 0 0 0 0 0 0 nmod 0 0 0 0 
0 0 0 0 0 0 0 0 0 0 0 advmod 0 0 0 0 0 0 
0 0 0 0 0 0 0 0 0 0 0 0 0 0 advmod 0 0 0 0 0 
0 0 0 0 0 0 0 0 0 0 0 0 0 case 0 0 0 0 0 0 0 0 0 0 0 0 0 0 0 0 0 0 0 0 0 0 nmod 0 0 0 
0 0 0 0 0 0 0 0 0 0 0 acl 0 0 0 0 0 0 0 0 0 0 0 0 0 0 0 0 0 0 0 0 0 0 0 0 0 0 0 0 0 0 case 0 0 0 0 0 0 0 0 0 0 0 0 0 0 0 0 0 0 0 0 0 nmod 0 0 0 0 
0 0 0 0 0 0 0 0 0 case 0 0 0 0 0 0 0 0 0 0 0 0 0 0 0 0 0 0 0 0 nmod 0 0 0 0 0 0 0 
0 0 0 0 0 0 0 0 0 0 0 0 0 0 0 0 0 0 0 0 0 0 0 nsubj 0 0 0 0 0 0 
0 0 0 0 0 0 advmod 0 0 0 0 0 0 0 0 0 0 0 0 0 0 
0 0 0 0 0 0 0 0 0 0 0 0 0 0 case 0 0 0 0 0 0 0 0 0 0 0 0 0 0 0 0 0 0 0 0 0 0 0 0 0 0 0 0 0 det 0 0 0 0 0 0 0 0 0 0 0 0 0 0 0 0 0 0 0 0 0 0 0 0 0 0 0 0 0 0 0 0 0 nmod 0 0 0 0 0 0 0 0 
0 0 0 0 0 0 0 0 0 0 0 0 0 0 0 0 0 0 0 0 0 case 0 0 0 0 0 0 0 0 0 0 0 0 0 0 0 0 0 0 0 0 0 0 0 0 0 0 0 0 nmod 0 0 0 0 0 
0 0 0 0 0 dep 0 0 0 0 0 0 0 0 0 0 
0 0 0 0 0 0 0 0 0 0 0 mark 0 0 0 0 0 0 0 0 0 0 0 0 0 0 0 0 0 0 0 0 nsubj 0 0 0 0 0 0 0 
0 0 0 0 0 0 0 0 0 0 0 case 0 0 0 0 0 0 0 0 0 0 0 0 0 0 0 0 0 0 nmod 0 0 0 
0 0 0 0 0 0 0 0 0 0 0 advmod 0 0 0 0 0 0 0 0 0 
0 0 0 0 0 0 0 0 0 mark 0 
0 mark 0 0 0 0 0 0 0 0 0 0 0 0 0 
0 0 0 0 0 0 0 case 0 0 0 0 0 0 0 0 0 0 0 0 0 nmod 0 0 0 0 0 0 0 0 
0 mark 0 0 0 0 0 0 0 0 0 0 0 0 
0 0 0 0 0 0 0 0 0 0 0 0 mark 0 0 0 0 
0 0 0 0 0 0 0 0 0 0 0 0 0 0 0 0 0 mark 0 0 
0 mark 0 0 0 0 0 0 0 0 0 0 0 0 0 0 
0 mark 0 0 0 0 0 0 0 0 0 0 0 0 0 
0 0 0 0 0 0 0 advmod 0 0 0 0 0 0 0 0 0 0 0 0 0 
0 0 0 0 0 0 0 0 0 0 0 0 0 0 0 0 0 0 advmod 0 0 0 
root 0 0 0 0 0 0 0 0 0 0 0 0 0 0 0 0 0 0 
0 0 advmod 0 0 0 0 0 0 0 0 0 0 0 0 0 
0 0 0 0 0 0 0 0 0 0 0 advmod 0 0 
0 0 0 0 0 0 0 0 0 0 0 mark 0 0 0 0 0 0 0 0 0 0 0 0 0 0 0 0 0 0 mwe 0 0 0 0 0 0 0 0 0 
0 0 0 0 0 nmod 0 0 0 0 0 0 0 0 0 0 
0 0 0 0 0 0 0 0 0 advmod 0 0 
0 0 0 0 0 0 0 0 0 0 0 mark 0 0 0 0 
0 mark 0 0 0 0 0 0 0 0 0 
0 0 0 0 0 0 0 0 0 0 0 0 0 0 0 0 0 0 0 0 mark 0 0 0 
0 0 0 0 0 0 0 0 0 0 0 0 0 0 mark 0 0 0 0 
0 0 0 0 0 0 0 0 0 0 0 mark 0 0 0 0 
0 0 0 0 0 0 0 0 0 0 0 0 0 0 0 0 0 0 0 0 0 0 mark 0 0 
0 0 0 0 0 mark 0 0 0 0 0 0 0 0 0 0 0 0 0 0 0 
0 0 0 0 0 0 0 0 0 0 0 0 0 0 0 0 0 0 0 mark 0 0 0 0 0 
0 0 0 0 0 0 0 0 0 0 mark 0 0 0 0 0 0 0 0 0 0 0 0 0 0 0 0 
0 0 0 0 0 0 0 0 0 0 0 0 0 0 0 mark 0 0 0 0 0 0 0 0 0 0 
0 0 0 0 0 0 0 advmod 0 0 0 0 0 0 0 0 0 0 0 advmod 0 0 0 0 0 0 0 0 0 0 0 nsubj 0 0 0 0 0 0 0 0 0 0 0 aux 0 0 0 0 0 parataxis 0 0 0 0 0 
0 0 0 0 0 0 0 0 0 advmod 0 0 
0 0 0 0 0 0 0 0 0 0 0 advmod 0 0 0 0 
0 0 0 0 0 cc 0 0 0 0 0 0 0 0 0 0 0 0 0 
root 0 0 0 dobj 0 
0 nsubj 0 0 0 0 aux 0 
0 neg 0 0 0 0 mark 0 root 0 0 0 
root 0 0 0 dep 0 
0 det 0 0 0 root 0 0 0 0 0 0 0 0 case 0 0 nmod 0 0 
0 discourse 0 0 0 0 0 punct 0 0 root 0 0 0 0 
0 nsubj 0 0 0 0 0 punct 0 0 root 0 0 0 0 
0 ccomp 0 0 0 0 0 0 0 punct 0 0 0 0 0 0 0 nsubj 0 0 0 0 0 0 0 cop 0 0 
0 nsubj 0 root 0 0 
root 0 0 0 dobj 0 
0 case 0 root 0 0 
0 neg 0 root 0 0 0 0 punct 0 0 0 0 0 0 0 0 0 
root 0 
0 nsubj 0 0 root 0 0 0 0 0 advmod 0 
root 0 0 0 dep 0 
0 nsubj 0 0 0 0 cop 0 
0 neg 0 0 0 root 0 0 0 0 
0 nsubj 0 0 0 0 cop 0 
0 nsubj 0 0 0 0 0 cop 0 0 0 0 0 nmod:poss 0 
0 aux 0 0 0 0 neg 0 
0 0 0 neg 0 0 0 0 0 0 0 0 0 0 ccomp 0 0 0 0 0 
0 0 0 0 punct 0 0 0 0 0 0 0 0 0 0 advmod 0 0 0 0 0 0 0 0 0 0 nsubj 0 0 0 root 0 0 0 0 0 0 0 0 0 
0 neg 0 root 0 0 
root 0 0 0 0 0 0 0 0 0 0 0 0 0 0 0 0 0 0 xcomp 0 0 0 0 0 0 0 0 0 0 0 0 0 0 
root 0 0 punct 0 0 
root 0 0 0 compound:prt 0 
0 nsubj 0 0 root 0 0 0 0 0 dobj 0 
0 dep 0 root 0 0 
root 0 0 
root 0 0 0 0 0 nmod 0 0 0 
0 nsubj 0 0 0 0 0 0 0 aux 0 0 0 0 root 0 0 0 0 0 0 0 0 0 iobj 0 0 0 0 0 0 0 0 0 det 
0 nsubj 0 0 0 0 0 0 punct 0 0 0 root 0 0 0 0 0 0 0 0 0 0 nsubj 
0 nsubj 0 0 0 0 0 0 0 0 0 0 0 aux 0 0 0 0 0 0 0 0 0 0 0 advmod 0 0 0 0 0 0 0 root 0 0 0 0 0 0 0 0 0 0 0 0 0 0 0 0 0 det 0 0 0 0 0 0 0 dobj 0 0 0 0 0 0 0 0 0 0 0 advmod 0 0 0 0 0 0 0 0 0 0 0 0 0 0 case 0 0 0 0 0 0 0 0 0 0 0 nmod:poss 
0 0 nmod 0 0 0 0 0 0 aux 0 0 0 0 0 0 nsubj 0 root 0 0 0 0 0 0 case 0 0 0 0 
0 ccomp 0 0 0 0 0 0 0 0 punct 0 0 0 0 0 0 0 0 nsubj 0 0 0 0 0 0 0 0 aux 0 0 0 0 0 0 0 0 neg 0 0 
root 0 0 0 nmod 0 
0 nsubj 0 root 0 0 
root 0 0 0 0 0 0 punct 0 0 0 0 0 0 0 0 mark 0 0 0 dep 0 0 0 
0 nsubj 0 0 0 0 0 0 0 0 0 0 0 0 cop 0 0 0 0 0 0 0 0 0 root 0 0 0 0 0 0 0 0 0 0 0 
0 nsubj 0 0 0 0 0 0 0 aux 0 0 0 0 root 0 0 0 0 0 0 0 0 0 advmod 0 0 0 0 0 0 0 0 0 case 0 0 0 0 nmod 0 0 
0 nsubj 0 root 0 0 
root 0 0 0 dep 0 
0 nsubj 0 0 0 0 0 0 0 0 0 0 0 cop 0 0 0 0 0 0 0 0 root 0 0 0 0 0 0 0 0 0 0 
0 aux 0 0 0 0 0 0 neg 0 0 0 root 0 0 0 0 0 0 0 0 0 0 case 
0 nsubj 0 0 0 0 0 cop 0 0 0 0 0 det 0 
0 discourse 0 0 0 0 0 punct 0 0 0 0 0 nsubj 0 
root 0 0 0 0 0 0 0 dep 0 0 0 0 0 0 0 0 case 0 0 0 0 0 advcl 0 0 0 0 
0 discourse 0 0 0 0 0 0 0 0 punct 0 0 0 0 0 0 0 0 nsubj 0 0 0 0 0 0 0 0 cop 0 0 0 0 0 0 0 0 det 0 0 
root 0 0 0 0 0 dobj 0 0 0 0 0 0 0 case 0 0 0 nmod 0 
root 0 0 0 0 punct 
0 nsubj 0 0 0 0 0 0 aux 0 0 0 0 0 0 neg 0 0 0 0 0 0 cop 0 
root 0 0 0 0 0 0 nsubj 0 xcomp 0 0 
0 dep 0 root 0 0 
0 advmod 0 0 0 0 0 det 0 0 0 0 0 advmod 0 root 0 0 0 0 
root 0 0 0 0 cop 0 0 
0 0 0 0 0 0 0 0 0 0 0 0 0 0 0 0 0 0 0 0 0 0 0 nsubj 0 0 0 0 0 0 0 0 0 0 0 0 0 0 0 0 0 0 0 0 0 0 0 0 0 0 cop 0 0 0 0 0 0 0 0 0 0 0 0 0 0 0 0 0 0 0 0 0 0 0 0 0 0 det 0 0 0 0 0 0 0 0 0 0 0 0 0 0 0 conj 0 0 0 0 0 0 0 0 0 0 
0 0 0 0 0 0 0 0 0 0 aux 0 0 0 0 0 
0 0 dep 0 0 
0 0 0 0 0 0 mark 0 0 0 0 0 
0 0 0 0 0 0 0 0 advcl 0 0 0 0 0 0 0 0 0 0 0 0 0 
0 0 0 0 0 0 0 0 0 0 0 0 0 0 0 0 0 0 0 0 nsubj 0 
0 0 0 0 0 0 0 0 0 0 0 0 0 xcomp 0 0 0 0 0 0 0 0 0 0 0 0 0 0 0 0 0 0 0 cc 0 0 0 0 0 0 0 0 0 0 0 0 0 0 0 conj 0 
0 0 0 aux 0 0 0 0 root 0 0 0 0 0 0 0 
0 0 0 0 0 0 0 0 0 0 0 0 0 advmod 0 0 0 0 
0 0 0 0 0 aux 0 0 0 0 0 0 0 0 0 0 0 0 0 0 0 0 0 auxpass 0 0 0 0 0 0 0 0 0 0 root 0 0 0 0 0 0 0 0 0 0 0 0 0 0 0 0 
0 0 0 0 0 0 0 0 0 dobj 0 0 0 0 0 0 0 0 0 0 0 0 
0 mark 0 0 0 0 0 0 0 0 0 0 0 0 0 0 0 advcl 0 0 0 0 0 0 0 0 
0 0 0 0 0 0 mark 0 0 0 0 0 0 0 0 0 0 0 auxpass 0 0 0 0 0 0 0 0 xcomp 0 0 0 0 0 
0 0 0 0 0 0 0 0 0 0 0 0 0 0 0 0 0 0 case 
0 0 0 0 0 0 0 0 0 0 0 0 0 0 0 0 0 0 0 mark 0 0 
0 0 0 0 0 0 0 0 conj 0 0 0 0 0 0 0 0 0 0 0 0 
0 0 nsubj 0 0 root 0 0 0 0 0 0 0 advmod 0 
0 det 0 0 0 0 0 0 0 0 0 0 0 0 0 0 0 0 0 0 0 0 0 det 0 0 0 0 0 0 0 0 0 nmod 0 0 
0 0 0 0 0 0 0 0 0 0 0 0 0 0 0 0 advmod 0 0 0 0 0 0 0 0 0 0 0 0 0 advmod 0 0 0 0 0 
0 nsubj 0 0 0 0 0 0 0 0 0 0 0 0 
0 0 0 0 0 0 0 parataxis 0 0 0 0 0 0 0 0 0 0 0 0 
0 0 0 0 0 0 0 0 0 0 0 0 0 0 0 0 dobj 0 0 
0 0 0 0 aux 0 0 0 0 0 0 0 auxpass 0 root 0 0 0 0 0 0 
0 0 0 0 0 0 0 0 dobj 0 0 0 0 
root 0 0 0 0 0 0 0 
0 neg 0 0 0 0 0 0 0 0 0 0 0 0 0 0 0 0 0 0 0 0 0 0 0 advcl 0 0 0 0 0 0 
0 0 aux 0 0 0 0 0 0 0 0 0 0 0 0 
0 0 0 0 0 0 amod 0 0 0 0 0 0 0 
0 0 0 0 0 0 0 acl 0 0 0 0 0 0 0 
root 0 0 0 0 0 0 0 0 0 0 0 0 0 0 compound:prt 0 0 0 0 0 0 0 0 
0 0 0 dobj 0 0 0 0 0 0 0 0 0 0 0 0 0 0 0 0 
0 0 0 0 0 0 0 0 mark 0 0 0 
0 0 0 0 0 0 0 0 case 0 0 0 0 0 0 0 0 0 0 0 case 0 
0 0 0 0 0 0 0 advmod 0 0 0 0 0 0 0 0 0 0 0 
0 0 0 0 0 0 0 case 0 0 0 0 0 nmod 0 0 
0 0 nsubj 0 0 root 0 0 0 0 0 0 0 xcomp 0 
0 0 0 0 0 0 0 0 mark 0 0 0 0 0 
root 0 0 
0 0 0 0 0 0 0 0 0 0 0 0 0 advmod 0 0 0 0 0 0 0 root 0 0 0 0 0 0 0 0 0 0 0 0 0 0 0 0 0 0 0 0 
root 0 0 0 0 0 0 
0 0 0 0 0 0 0 0 0 0 0 aux 0 0 0 0 0 
0 0 0 0 0 0 0 0 0 0 0 0 0 0 acl 0 0 0 
0 0 0 0 0 0 0 0 mark 0 0 
0 0 0 0 0 0 0 0 aux 0 0 0 0 0 0 0 0 0 0 0 0 0 0 0 0 auxpass 0 0 0 0 0 0 root 0 0 0 0 0 0 0 0 0 0 0 0 0 0 0 
0 0 0 0 0 0 0 0 0 mark 0 0 0 0 0 0 0 acl 0 0 
0 0 0 0 0 0 0 0 dobj 0 0 0 0 
0 0 0 acl 0 0 0 0 0 0 0 0 0 0 0 0 
0 0 0 0 0 0 0 0 0 mark 0 0 0 0 0 0 0 0 0 0 
0 0 0 0 0 0 0 0 0 0 0 0 0 ccomp 0 0 0 0 0 0 0 
0 0 0 0 0 0 0 case 0 0 0 0 0 0 0 0 0 0 0 0 0 0 0 0 nmod 0 0 0 0 0 0 0 
0 0 0 0 0 0 aux 0 0 0 0 0 0 0 0 0 0 0 0 0 0 0 0 0 0 0 0 nsubj 0 0 0 0 0 0 0 0 0 0 0 0 root 0 0 0 0 0 0 0 0 0 0 0 0 0 0 0 0 0 0 0 
0 0 0 advmod 0 0 0 0 0 0 0 0 0 0 0 0 0 
0 0 0 0 0 0 0 0 det 0 0 0 0 0 0 0 0 0 0 0 0 det 
0 0 0 0 0 0 0 0 0 0 0 mark 0 0 0 0 
0 nsubj 0 0 0 0 0 0 0 0 0 0 0 0 0 
0 0 0 0 0 0 0 aux 0 0 0 0 0 0 0 0 0 0 0 0 aux 0 0 0 0 0 0 0 ccomp 0 0 0 0 0 0 0 
0 0 0 0 0 0 0 aux 0 0 0 0 0 0 0 0 0 0 0 0 0 0 0 0 0 0 0 0 0 0 ccomp 0 0 0 0 0 0 0 0 0 0 0 0 0 0 0 0 0 0 0 
0 0 0 0 0 0 advmod 0 0 0 0 0 0 0 0 0 0 
0 0 0 0 0 0 0 0 0 0 0 0 conj 0 0 
root 0 0 0 0 0 0 0 0 0 0 0 0 0 0 0 0 
0 0 0 0 0 0 0 0 0 ccomp 0 0 0 0 0 0 0 0 0 0 0 0 0 0 0 0 0 0 0 0 0 0 0 advmod 0 0 0 0 0 0 
0 0 0 0 0 0 nsubj 0 0 0 0 0 0 0 
0 0 0 0 0 0 0 0 0 advmod 0 0 0 0 
0 0 0 0 0 0 0 case 0 0 0 0 0 0 0 0 0 0 0 0 0 0 nmod 0 0 0 0 0 0 0 0 0 0 0 
root 0 0 0 0 0 0 0 0 0 0 0 0 0 0 0 0 0 0 0 
0 0 parataxis 0 0 0 0 0 0 0 0 0 0 0 0 0 0 0 
0 0 0 0 0 0 0 0 0 0 0 0 0 xcomp 0 0 0 
0 0 0 0 0 0 0 0 advmod 0 0 0 0 0 0 0 0 
0 0 0 0 0 0 0 mark 0 0 0 0 
0 0 0 0 0 0 0 0 acl:relcl 0 0 0 0 0 
0 0 0 0 0 0 dobj 0 0 
0 0 0 0 0 0 0 0 dobj 0 0 0 0 0 0 0 
root 0 0 0 0 0 0 0 0 0 0 0 0 0 0 0 0 0 0 0 0 0 0 0 0 0 0 0 nsubj 0 0 0 0 0 0 0 0 0 0 0 0 0 0 0 ccomp 0 0 0 0 0 0 
0 0 0 0 0 det 0 0 0 0 0 0 0 0 0 0 0 0 0 0 0 0 0 0 0 0 0 0 det 0 0 0 
0 aux 0 0 0 0 0 0 0 0 0 0 0 0 0 0 0 0 0 0 0 0 0 advcl 0 0 0 0 0 0 
0 0 nsubj 0 0 0 0 0 
0 0 auxpass 0 0 0 0 0 0 0 0 0 0 0 0 0 0 0 0 0 root 0 0 0 0 0 0 0 0 0 0 0 0 0 0 0 0 0 0 0 
0 0 0 0 0 0 0 cc 0 0 0 0 0 0 
0 0 0 0 0 mark 0 0 0 0 0 0 0 0 0 0 0 0 0 0 0 0 0 0 0 0 0 0 
root 0 0 0 0 0 0 nmod:poss 0 dobj 0 0 
0 0 aux 0 0 0 0 0 0 0 0 0 0 root 0 0 0 0 0 0 0 0 0 0 0 0 
0 0 0 0 0 0 0 0 0 advmod 0 0 0 0 0 0 0 
0 0 xcomp 0 0 0 0 
0 0 0 0 0 0 0 0 0 0 0 0 advmod 0 0 0 0 0 
0 0 0 0 0 0 0 0 0 0 0 0 0 0 0 0 0 0 case 0 0 0 0 0 0 0 0 0 0 0 0 0 0 0 0 0 0 0 0 0 0 0 0 0 nmod 0 0 0 
0 amod 0 0 0 0 0 0 0 0 0 0 0 0 0 nsubj 0 0 0 0 
0 0 0 0 0 0 0 advmod 0 0 0 
0 0 0 0 cop 0 0 0 0 0 0 0 0 0 0 0 root 0 0 0 0 0 0 0 0 0 0 0 0 0 0 0 
0 0 0 0 0 0 0 0 0 0 0 det 0 0 0 0 0 0 0 0 0 0 0 0 0 0 0 0 0 0 0 0 0 0 0 0 0 0 0 0 0 det 0 0 0 0 0 0 
0 0 0 0 0 0 conj 0 0 0 0 0 0 0 0 0 0 0 0 0 0 0 0 0 0 0 0 0 0 0 0 0 0 advmod 
0 0 0 aux 0 0 0 0 0 0 0 0 0 0 
0 0 0 0 0 0 0 0 0 0 0 advmod 0 0 
0 0 0 0 0 0 0 0 0 0 0 0 0 mark 0 0 0 0 0 
root 0 0 
0 0 0 0 0 0 0 0 acl 0 0 0 0 0 0 
0 0 0 0 0 0 0 0 0 0 0 0 0 0 0 0 cc 0 0 0 0 0 0 0 0 0 0 0 0 0 nummod 0 0 0 
0 0 0 0 0 0 0 0 0 0 0 0 aux 0 0 0 0 0 0 0 0 0 0 0 0 0 ccomp 0 0 0 0 0 0 0 
root 0 0 0 0 0 0 0 0 0 0 0 0 0 0 0 0 0 0 0 0 0 0 0 0 nsubj 0 0 0 0 0 0 0 0 0 0 0 0 ccomp 0 0 0 0 0 0 
0 0 0 0 0 0 advmod 0 0 0 0 0 0 
0 0 0 0 nsubj 0 0 0 0 0 0 0 0 0 
0 0 0 0 0 det 0 0 0 0 0 0 0 0 0 0 0 0 0 0 0 0 0 0 det 0 
0 0 0 0 0 0 0 0 0 0 0 0 0 mark 0 0 0 0 0 0 0 0 0 0 0 0 0 0 0 0 0 0 auxpass 0 0 0 0 0 0 0 0 0 0 0 0 0 0 xcomp 0 0 0 0 0 0 
0 0 0 0 0 0 amod 0 0 0 0 0 0 0 0 
0 0 0 0 0 0 0 0 0 0 det 0 0 0 0 0 0 0 0 0 0 0 0 0 0 0 0 appos 0 0 0 0 0 0 0 0 0 0 0 0 0 0 0 0 0 0 0 0 0 mark 0 0 0 0 0 0 0 0 0 0 0 0 0 0 0 0 0 0 nsubjpass 0 0 0 0 0 0 0 0 0 0 0 0 0 0 0 0 0 0 auxpass 0 0 
0 aux 0 0 0 0 0 0 0 0 0 0 0 0 0 0 0 0 0 0 0 0 0 0 0 0 auxpass 0 0 0 0 0 0 0 0 0 0 0 0 0 0 0 0 0 0 0 0 0 0 0 0 0 0 0 0 advcl 0 0 0 0 0 0 0 0 0 0 0 0 0 0 0 0 
0 0 0 0 0 0 0 0 auxpass 0 
0 0 0 0 0 0 0 0 0 0 0 advmod 0 0 0 0 0 0 0 0 0 0 0 0 0 0 0 0 0 advmod 0 0 0 0 root 0 0 0 0 0 0 0 0 0 0 0 0 0 0 0 0 0 0 0 0 0 0 0 0 0 0 0 0 0 0 0 case 0 
0 0 0 0 0 0 0 0 0 0 0 0 0 0 0 0 aux 0 0 0 0 0 0 0 0 0 0 0 0 0 0 0 0 0 0 0 auxpass 0 0 0 0 0 0 0 0 0 0 ccomp 0 0 0 0 0 0 0 0 0 
0 0 0 0 dep 0 0 0 0 0 0 0 0 dep 0 0 0 0 0 0 0 0 0 dep 0 0 0 0 0 0 0 0 0 
0 0 0 0 0 0 0 case 0 0 
0 0 0 0 0 0 0 0 ccomp 0 0 0 0 0 0 0 0 0 0 0 0 0 0 0 0 0 0 case 0 0 0 0 
0 0 aux 0 0 0 0 0 0 0 0 0 0 0 0 0 0 0 aux 0 0 0 0 0 0 0 0 0 0 0 root 0 0 0 0 0 0 0 0 0 0 0 0 0 0 
0 0 0 nsubj 0 0 0 0 0 0 0 0 0 0 0 0 0 0 0 0 aux 0 0 0 0 0 0 0 0 0 0 0 root 0 0 0 0 0 0 0 0 0 0 0 0 0 0 0 
0 0 0 0 appos 0 0 0 root 0 0 0 0 0 0 0 
root 0 0 0 0 0 0 0 0 0 0 0 0 0 0 
0 0 0 0 0 0 0 0 0 0 0 0 0 case 0 0 0 
0 0 0 0 0 0 0 0 0 0 0 dep 0 
0 0 0 0 0 0 0 0 mark 0 0 0 0 0 0 xcomp 0 0 
root 0 0 0 0 0 0 0 0 0 
0 0 0 0 0 0 det 0 0 0 0 dobj 0 0 0 0 0 0 0 0 0 0 0 advmod 0 0 0 0 advmod 0 0 0 
0 0 0 0 0 0 0 0 0 0 0 0 auxpass 0 0 0 0 0 0 0 0 advcl 0 0 0 0 0 0 0 0 
root 0 0 0 0 0 0 0 0 0 0 0 0 0 0 0 0 0 0 case 0 0 0 0 0 0 0 nmod 0 0 
0 0 0 0 0 0 0 0 0 0 advmod 0 0 0 0 0 0 0 0 0 0 0 0 0 0 0 0 0 advmod 0 0 0 0 0 0 0 0 0 0 0 0 0 0 0 0 0 0 0 0 0 mark 0 0 0 0 0 0 
0 0 0 0 advmod 0 0 0 0 0 0 0 0 0 0 
0 0 0 0 0 0 0 0 0 0 0 0 nmod 0 0 0 0 
root 0 0 0 0 0 0 0 0 0 0 0 0 0 0 0 0 0 0 0 0 0 0 0 0 0 0 0 0 0 0 0 0 0 0 0 0 compound:prt 0 0 0 0 0 0 
0 0 nsubj 0 root 0 0 0 
0 0 0 0 0 0 0 0 0 0 0 xcomp 0 0 0 
0 0 0 0 0 0 aux 0 0 0 0 root 0 0 0 0 0 0 0 0 0 0 
0 0 0 0 0 0 0 0 0 0 0 0 0 0 case 0 
0 0 0 0 0 0 0 0 0 0 0 0 0 0 0 0 0 0 0 0 0 0 dobj 0 0 
root 0 0 0 0 0 dobj 0 
0 0 0 0 0 0 0 0 0 0 0 advmod 0 0 0 0 0 0 
0 0 0 0 advmod 0 0 0 0 0 0 0 
0 0 0 0 0 aux 0 0 0 0 0 0 
0 0 0 0 0 0 0 0 0 advmod 0 0 0 0 0 0 0 0 0 0 0 0 0 0 0 0 0 0 advmod 0 0 0 0 0 
0 0 0 0 0 0 0 0 advcl 0 0 0 0 0 0 0 0 
0 0 punct 0 0 0 0 0 0 0 0 0 0 0 advmod 0 0 0 0 0 0 0 0 appos 0 0 0 0 0 0 
0 mark 0 0 0 0 0 0 0 0 0 0 0 0 0 0 0 0 0 0 advcl 0 0 0 0 0 0 0 0 0 0 0 0 0 
0 0 0 0 0 0 0 0 0 aux 0 0 0 0 0 0 0 0 0 0 0 0 0 0 0 0 auxpass 0 0 0 0 0 0 0 0 0 0 conj 0 0 0 0 0 0 0 0 0 0 
root 0 0 0 0 0 0 0 0 0 0 0 nsubj 0 0 0 0 0 0 0 0 0 advmod 0 0 0 0 0 ccomp 0 0 0 0 0 0 0 0 0 0 0 0 0 det 0 0 0 0 0 0 0 dobj 0 0 0 0 0 0 0 0 0 0 0 case 0 0 0 0 0 0 0 nmod 0 
0 0 0 0 0 0 advcl 0 0 0 0 0 0 0 0 0 0 compound:prt 0 0 0 0 0 0 0 0 0 0 
0 0 0 0 0 0 0 0 0 0 0 nsubj 0 0 0 0 0 
0 aux 0 0 0 0 0 0 0 0 0 0 0 0 0 0 0 0 0 0 0 0 0 0 0 0 0 0 0 0 0 0 0 0 0 advcl 0 0 0 0 0 0 0 0 0 0 0 0 
0 0 0 0 0 0 0 0 case 0 0 0 0 0 
0 0 0 0 0 0 0 0 0 0 0 0 0 0 0 aux 0 0 
0 0 0 0 0 0 0 0 aux 0 0 0 0 0 0 0 0 0 0 root 0 0 0 0 0 0 0 0 0 0 0 0 0 0 0 0 0 0 
0 0 0 0 0 0 0 0 0 0 0 0 xcomp 0 0 0 0 
0 nsubjpass 0 0 0 0 0 0 0 0 0 0 0 0 0 0 0 0 
0 0 0 0 0 0 0 advmod 0 0 0 0 0 0 0 
root 0 0 0 0 0 0 0 0 0 0 0 0 0 0 0 0 case 0 0 0 0 0 0 
0 0 0 0 0 0 0 0 mark 0 0 0 0 0 advcl 0 0 0 
0 0 0 0 0 0 0 0 0 0 0 0 0 0 0 0 0 0 0 case 0 0 0 0 0 0 0 0 0 0 0 0 0 0 0 0 0 0 0 0 0 0 0 0 0 nmod 0 0 0 0 
0 0 nsubj 0 0 0 0 0 0 0 0 0 0 0 0 0 0 0 0 0 0 0 0 0 0 0 
0 0 0 0 0 0 0 0 0 0 0 nsubj 0 
0 0 0 0 0 0 0 0 0 0 0 0 case 0 0 0 0 
0 0 nsubj 0 0 0 0 0 0 0 0 0 0 0 0 0 0 0 cop 0 0 0 0 0 0 0 0 0 0 0 root 0 0 0 0 0 0 0 0 0 0 0 0 0 0 
0 0 0 0 0 0 0 0 0 0 0 punct 0 0 0 0 0 0 0 0 0 0 0 0 0 0 0 0 0 0 0 0 0 0 det 0 
root 0 0 0 0 0 0 case 0 nmod 0 0 
root 0 0 0 0 0 0 0 nmod 0 0 0 
0 0 0 0 0 0 dobj 0 0 0 0 0 0 0 0 0 0 0 0 0 0 0 
0 0 0 0 0 parataxis 0 0 0 0 0 0 0 0 0 0 0 0 0 neg 
0 amod 0 0 0 0 0 0 nsubj 0 0 0 root 0 0 0 0 0 0 0 0 0 0 amod 0 0 0 dobj 0 0 
0 0 0 0 0 0 0 0 0 0 0 0 0 0 neg 0 0 0 0 0 0 0 0 0 0 0 0 0 0 0 0 0 0 0 0 0 0 0 cc 0 0 0 0 0 
root 0 0 0 0 0 0 0 0 0 0 0 0 0 0 0 0 0 0 0 0 case 
0 0 0 0 0 mark 0 0 0 0 0 0 xcomp 0 0 0 0 0 0 0 0 0 0 0 xcomp 0 0 
root 0 0 0 0 0 0 0 0 0 0 0 0 0 0 0 0 0 0 0 0 0 0 0 0 0 0 0 0 0 0 0 0 0 0 0 0 0 0 0 0 0 0 0 0 0 0 0 0 0 advmod 0 0 0 
root 0 0 0 0 0 0 0 compound:prt 0 
0 0 0 0 0 0 advmod 0 0 0 0 0 0 0 0 0 0 0 0 0 mark 0 0 0 0 0 0 0 0 0 0 0 0 0 0 0 0 0 0 0 0 0 0 0 nsubj 0 0 0 0 0 0 0 0 0 root 0 0 0 0 0 0 0 0 0 0 0 0 0 0 0 0 0 
0 0 aux 0 0 0 0 0 0 0 0 0 aux 0 0 0 0 0 root 0 0 0 0 0 0 0 0 
0 0 0 0 0 0 0 0 0 0 0 0 0 acl 0 0 0 0 0 
0 0 aux 0 0 0 0 0 0 0 0 0 0 0 neg 0 0 0 0 0 0 0 0 0 0 0 aux 0 0 0 0 0 0 
0 0 0 0 0 advmod 0 0 0 0 0 0 
0 0 0 0 0 0 0 0 0 0 advmod 0 0 0 0 0 0 0 0 0 0 0 0 0 0 0 0 advmod 0 0 0 0 0 0 0 0 0 0 0 0 0 0 0 0 mark 0 0 0 
0 0 0 0 0 acl 0 0 0 0 0 0 
0 0 0 0 0 0 0 0 0 0 acl 0 0 0 0 
0 0 0 0 0 0 0 aux 0 0 0 0 0 0 0 0 0 0 0 0 0 0 0 
0 0 0 0 0 0 advmod 0 0 0 0 0 0 
0 0 0 0 0 auxpass 0 0 0 0 0 0 0 0 0 0 0 0 acl:relcl 0 0 0 0 0 0 0 0 0 0 0 0 0 
0 0 0 0 0 0 0 0 0 0 0 0 0 0 case 0 0 0 0 0 0 0 0 0 0 0 0 0 0 0 0 0 0 0 0 amod 0 0 0 0 
0 0 0 0 0 0 0 0 0 0 0 0 0 0 0 0 case 0 
0 0 0 0 0 0 0 0 0 0 conj 0 0 0 0 0 0 0 0 0 0 0 0 0 0 0 0 0 0 0 
0 0 0 0 0 0 0 0 0 0 0 0 0 0 0 0 0 0 0 mark 0 0 0 
0 0 0 0 0 0 0 0 0 0 0 0 0 aux 0 0 0 0 0 0 0 0 0 0 0 0 0 0 acl:relcl 0 0 0 0 0 
0 0 0 0 0 det 0 0 0 0 0 0 0 0 0 0 0 0 0 0 0 0 0 0 0 0 0 0 0 0 0 0 0 0 0 0 0 0 0 0 0 0 0 0 0 case 0 0 
0 aux 0 0 0 0 0 0 0 0 0 0 0 0 0 0 0 0 0 0 0 0 advcl 0 0 0 0 0 0 0 0 0 0 0 
0 0 0 0 0 0 0 0 0 0 0 0 0 0 0 0 0 0 0 0 nmod 0 0 0 0 
0 0 0 0 0 0 aux 0 0 0 0 0 0 0 0 0 root 0 0 0 0 0 0 0 0 0 0 0 0 0 0 0 
0 0 aux 0 0 0 0 aux 0 0 0 0 
0 0 0 0 0 0 0 0 0 0 0 0 0 0 0 advmod 0 0 0 0 
0 0 0 0 0 0 0 0 0 0 0 0 aux 0 0 0 0 0 0 0 conj 0 0 0 0 0 0 0 
0 nsubjpass 0 0 0 0 0 aux 0 0 0 0 0 auxpass 0 
0 0 0 0 0 0 0 0 0 0 0 0 0 0 0 0 0 0 0 0 0 0 0 0 0 0 0 mark 0 0 0 0 0 0 0 0 0 0 0 0 0 0 0 0 0 0 0 0 0 0 0 0 0 0 xcomp 0 0 0 0 0 0 0 
root 0 0 0 0 0 0 0 0 0 0 0 0 0 0 0 0 0 0 0 0 0 0 
0 0 0 0 0 0 0 0 0 0 0 0 0 0 0 aux 0 0 0 0 0 0 0 0 0 0 0 0 0 0 0 0 0 0 aux 0 0 0 0 0 0 0 0 0 0 0 0 ccomp 0 0 0 0 0 0 
0 0 nsubj 0 0 0 0 0 0 0 aux 0 0 0 0 0 0 0 neg 0 0 root 0 0 0 0 0 0 
0 0 0 0 0 0 advmod 0 0 0 0 0 0 0 0 0 0 0 0 0 0 0 0 0 0 0 case 0 0 0 
0 0 0 advmod 0 0 0 0 0 0 0 0 0 0 0 0 0 0 0 0 
0 0 0 0 0 0 0 0 0 0 csubj 0 0 0 0 0 0 
0 0 0 0 0 0 conj 0 0 0 0 0 0 0 0 0 0 0 0 0 0 0 0 0 0 0 0 0 0 0 0 0 0 0 0 0 0 0 0 0 0 nmod 
0 0 0 0 0 0 0 0 0 0 0 0 0 0 0 0 0 nsubj 0 0 0 0 0 0 0 0 0 0 
0 0 0 0 0 0 0 0 0 0 0 0 0 0 0 advcl 0 0 0 0 0 0 0 
0 punct 0 0 0 0 0 0 0 appos 0 0 0 0 
0 0 0 0 0 0 0 0 0 0 dobj 0 
0 0 0 0 0 0 0 0 0 0 0 0 0 dobj 0 
0 0 0 0 0 0 0 0 0 0 0 0 aux 0 0 0 0 0 0 0 0 0 0 0 0 0 0 0 0 aux 0 0 root 0 0 0 0 0 0 0 0 0 0 0 0 0 0 0 
0 0 0 0 0 0 0 0 advmod 0 0 0 0 0 
0 0 0 0 0 0 det 0 0 0 0 0 0 0 0 0 0 0 0 0 0 det 0 0 
0 mark 0 0 0 0 0 0 0 0 0 0 0 0 0 0 0 0 0 cop 0 0 0 0 0 0 0 0 0 0 0 0 0 0 0 0 0 det 0 0 0 0 0 0 0 0 0 0 0 0 0 0 0 0 0 0 advcl 0 0 0 0 0 0 0 0 0 0 0 
0 nsubj 0 0 0 0 0 0 0 0 0 0 0 0 0 
0 0 0 0 0 0 0 0 0 0 0 aux 0 0 0 0 0 0 0 0 0 0 
0 0 0 0 0 0 0 0 0 mark 0 0 0 0 0 0 0 0 0 0 0 0 0 
0 0 0 0 0 0 0 0 0 0 advcl 0 0 0 0 
0 0 0 0 0 0 case 0 0 0 0 
0 0 0 0 0 0 0 0 0 0 0 0 0 0 0 0 0 advmod 0 0 0 0 0 0 0 0 0 0 0 0 0 0 0 0 0 advmod 0 0 0 0 0 0 0 0 0 0 0 0 0 0 0 dobj 0 0 0 0 0 0 0 0 0 0 0 0 0 0 0 0 0 0 0 0 0 0 0 case 
root 0 0 0 0 0 0 0 0 0 0 0 0 0 0 0 0 0 0 0 0 0 0 0 0 0 0 0 0 0 neg 0 
0 0 0 punct 0 0 0 0 0 0 nsubj 0 
0 0 det 0 0 0 0 0 0 0 0 0 0 0 0 0 0 0 0 0 0 0 0 0 0 0 0 det 
0 0 0 0 0 0 0 0 0 0 0 0 aux 0 0 0 0 0 root 0 0 0 0 0 0 0 0 0 0 0 0 0 0 0 0 0 0 0 0 0 0 0 0 0 0 0 0 0 0 0 0 mark 0 0 
0 0 0 0 0 0 0 0 0 0 0 case 0 
0 0 0 0 0 0 0 0 0 aux 0 0 0 0 0 0 0 0 0 0 0 0 0 0 acl:relcl 0 0 0 0 0 0 0 0 0 0 0 
0 0 0 0 0 0 0 0 0 0 0 0 0 0 dobj 0 0 
0 0 0 mark 0 0 0 0 0 0 0 0 0 0 0 0 0 0 0 dobj 0 0 0 0 0 0 0 0 0 0 
0 0 0 0 0 auxpass 0 0 0 0 0 0 0 0 0 0 0 0 dep 0 0 0 0 0 0 0 0 0 0 0 
0 0 0 0 0 0 0 0 0 0 0 advmod 0 0 0 0 0 0 0 0 0 0 0 0 0 0 advmod 0 0 0 0 0 0 0 0 0 0 0 0 0 0 0 0 0 0 mark 0 0 
0 nsubj 0 0 0 0 0 aux 0 0 root 0 0 0 0 
root 0 0 0 0 0 0 0 0 0 0 0 0 0 0 0 0 0 0 0 0 0 compound:prt 0 0 0 0 0 0 0 0 0 0 0 
root 0 0 0 0 0 0 0 0 0 0 0 0 0 0 0 0 0 0 0 0 0 0 0 0 0 0 0 0 0 neg 0 
0 0 0 0 0 0 0 0 0 0 nsubj 0 0 0 0 
root 0 0 0 0 0 0 0 0 0 0 0 0 0 0 0 0 0 0 0 0 nsubj 0 0 0 0 0 0 0 0 0 0 0 0 0 0 0 ccomp 0 0 0 0 0 0 0 0 0 0 0 0 0 
root 0 0 0 0 0 dep 0 
0 0 0 0 0 0 0 0 0 0 0 nmod 0 0 0 0 0 0 0 0 0 
0 0 nsubj 0 0 0 0 0 0 0 cop 0 0 0 root 0 0 0 0 0 0 
0 0 0 0 0 0 0 0 0 0 0 0 0 0 0 0 det 0 0 0 0 0 0 0 0 0 0 0 0 0 0 0 0 0 0 0 0 0 0 0 det 0 
0 0 0 0 0 0 0 ccomp 0 0 0 0 0 0 0 0 0 0 0 0 
0 0 0 0 0 dep 0 0 0 0 0 0 0 0 0 0 0 0 
0 0 advmod 0 0 0 0 0 0 
0 0 0 0 0 0 0 0 0 0 dobj 0 0 0 0 0 0 0 0 0 
0 0 0 0 0 0 0 0 acl 0 0 0 0 0 0 0 0 0 
0 0 0 0 0 0 0 mark 0 0 0 0 0 0 0 
0 0 0 0 0 0 0 0 0 0 aux 0 0 0 0 0 0 0 0 0 0 0 0 0 0 0 0 0 0 0 0 aux 0 0 0 0 0 0 0 0 root 0 0 0 0 0 0 0 0 0 0 0 0 0 0 0 0 0 0 0 
0 0 dobj 0 0 0 0 0 0 0 0 0 0 0 0 0 0 mark 0 0 0 0 0 0 
0 0 0 0 0 0 ccomp 0 0 0 0 0 0 0 0 
0 0 0 0 0 0 0 mark 0 0 0 0 0 0 0 
0 0 0 0 0 0 0 aux 0 0 0 0 0 0 
0 0 0 0 0 0 0 0 0 0 advmod 0 0 0 0 0 0 0 0 
root 0 0 0 0 
root 0 0 0 0 0 0 0 0 0 0 0 0 0 0 0 0 0 0 0 0 0 0 0 0 0 0 0 0 0 compound:prt 0 0 0 0 0 0 0 0 0 
0 0 nsubj 0 0 0 0 0 0 0 aux 0 0 0 0 0 0 0 neg 0 0 root 0 0 0 0 0 0 
0 mark 0 0 0 0 0 0 0 0 0 0 0 0 0 0 0 0 0 0 0 cop 0 0 0 0 0 0 0 0 0 0 0 0 0 0 0 0 0 0 0 0 0 advcl 0 0 0 0 0 0 0 0 0 0 0 0 0 
0 0 0 0 0 0 0 0 0 0 0 0 0 0 advmod 0 0 0 
0 0 0 0 ccomp 0 0 0 0 0 0 0 
0 0 0 0 0 0 case 0 0 0 0 0 0 0 0 0 0 0 
0 0 0 0 cc 0 0 0 0 0 
0 0 aux 0 0 0 0 0 0 0 0 0 0 0 0 0 0 0 0 0 0 
0 0 0 0 0 0 case 0 0 0 0 0 0 0 0 0 0 0 0 0 0 0 0 0 0 det 0 0 0 0 0 0 0 0 0 0 0 0 0 0 0 0 0 0 amod 0 0 0 0 0 0 0 0 0 
0 0 0 0 0 0 0 0 0 0 0 0 0 0 0 0 0 aux 0 conj 0 0 0 0 0 0 0 0 0 0 0 0 0 0 0 0 
0 0 0 0 0 0 0 0 0 0 0 0 0 dep 0 0 0 0 0 0 0 0 0 0 0 0 0 0 0 dobj 
0 0 0 0 0 0 0 xcomp 0 0 0 0 0 0 0 0 0 0 0 0 0 
0 0 0 0 0 0 0 0 0 0 0 mark 0 0 0 0 
0 0 0 0 0 acl 0 0 0 0 0 0 0 0 0 0 0 0 
0 0 0 0 0 0 0 advmod 0 0 0 0 0 0 0 0 0 0 
0 0 0 xcomp 0 0 0 0 0 0 0 0 0 0 0 0 0 
0 0 0 0 0 0 0 0 0 0 0 0 aux 0 0 0 0 0 0 0 0 0 0 0 0 0 0 0 0 0 0 0 0 advmod 0 0 0 0 0 0 0 0 0 0 0 0 0 0 0 0 0 0 0 0 auxpass 0 0 0 0 0 root 0 0 0 0 0 0 0 0 0 0 0 0 0 0 0 0 0 0 0 
0 0 0 0 0 0 0 0 mark 0 0 0 0 
root 0 0 0 0 0 0 0 0 0 0 0 0 0 0 0 0 0 0 0 0 det 0 0 0 0 0 0 0 0 dobj 0 0 
0 0 0 0 mark 0 0 0 0 0 0 0 0 0 0 0 0 0 0 xcomp 0 0 0 0 0 0 0 0 0 0 0 0 
0 0 0 0 0 0 0 0 0 0 0 0 advmod 0 0 0 0 0 0 
0 0 0 0 0 0 0 0 0 0 0 0 case 
0 0 0 0 0 0 0 0 0 0 0 0 0 0 0 0 0 0 nummod 0 0 
0 0 0 0 0 0 0 0 0 0 0 aux 0 0 0 0 0 0 0 0 0 ccomp 0 0 0 0 
0 0 advmod 0 0 0 0 0 0 punct 0 0 0 0 0 0 nsubj 0 
0 0 0 0 0 0 0 0 0 0 0 0 case 0 0 0 
0 0 0 0 0 0 0 0 0 0 0 det 0 0 0 0 0 0 0 0 0 0 0 0 0 0 0 0 0 0 0 0 0 0 0 det 
0 0 0 0 0 0 advmod 0 0 0 0 0 0 0 0 0 
root 0 0 0 0 0 0 0 0 0 
0 0 0 0 0 0 0 0 0 0 0 0 0 0 mark 0 0 0 0 0 0 0 0 0 0 0 0 0 0 ccomp 0 0 0 0 0 0 0 0 
0 0 0 0 0 0 ccomp 0 0 0 0 0 0 0 
0 0 0 0 0 0 0 0 0 0 0 0 mark 0 0 0 0 0 
0 0 nsubj 0 0 0 0 0 0 0 0 aux 0 0 0 0 
0 0 mark 0 0 0 0 0 0 0 0 0 0 0 0 0 0 0 0 0 0 0 nsubj 0 0 0 0 0 0 0 0 0 0 0 0 0 0 0 0 0 0 0 cop 0 0 0 0 0 0 0 0 0 0 0 0 0 0 
0 0 0 0 0 0 0 0 advmod 0 0 0 0 0 0 0 
0 0 0 0 punct 0 0 0 0 0 0 0 0 0 0 0 0 0 0 0 0 nsubj 0 0 0 0 0 0 0 0 0 0 root 0 0 0 0 0 0 0 0 0 0 0 0 0 0 0 0 0 0 0 0 0 0 0 0 mark 0 0 0 0 0 0 0 0 0 0 0 0 xcomp 0 0 0 0 0 0 0 0 0 
root 0 0 0 0 0 0 0 dobj 0 0 0 0 0 0 0 advmod 0 0 0 0 amod 0 0 
0 0 0 0 0 0 nsubj 0 0 0 0 0 0 0 0 0 0 aux 0 0 0 0 0 0 0 0 0 0 cop 0 
0 0 0 0 0 0 0 0 0 0 punct 0 0 0 
0 0 0 0 0 0 0 0 0 0 0 advmod 0 0 0 0 
root 0 0 0 0 0 0 0 0 dobj 0 0 0 0 
0 0 0 0 0 0 0 0 0 0 0 0 0 0 0 dobj 0 0 0 0 0 0 0 0 0 0 0 0 0 0 0 0 0 0 0 0 0 0 nsubj 0 0 0 0 0 
root 0 0 0 0 0 0 0 0 0 0 0 0 0 
0 0 0 0 0 0 0 0 0 0 0 xcomp 0 0 0 0 0 0 0 0 0 0 0 0 0 0 0 0 0 0 0 0 0 0 0 0 0 0 0 0 case 0 0 0 
0 0 0 0 0 0 0 0 nmod 0 0 0 0 0 0 0 0 0 0 0 0 0 0 0 
0 0 0 0 0 0 0 0 advmod 0 0 
root 0 0 0 0 0 0 0 0 0 0 0 0 0 0 0 0 
0 0 0 0 0 0 0 0 0 0 advcl 0 0 0 0 0 0 0 0 0 
0 0 0 0 0 0 0 0 0 advmod 0 0 0 0 0 0 0 0 
0 0 0 0 0 0 0 0 0 0 0 0 advcl 0 0 0 0 0 0 0 0 0 0 0 0 
0 0 0 0 0 0 0 0 0 0 0 0 0 0 0 aux 0 0 0 0 0 0 0 0 0 0 0 0 0 0 0 0 0 0 0 0 0 0 0 neg 0 0 0 0 0 0 0 0 0 0 0 0 0 0 0 0 0 0 0 0 0 0 0 aux 0 0 0 0 0 root 0 0 0 0 0 0 0 0 0 0 0 0 0 0 0 0 0 0 0 0 0 0 
0 neg 0 root 0 0 
0 case 0 0 0 0 0 0 0 0 0 0 0 0 0 0 0 0 0 
0 0 0 nmod:poss 0 0 0 0 0 0 0 0 0 0 0 0 0 0 0 0 0 0 0 0 0 0 0 0 0 0 0 0 0 0 0 0 0 0 0 0 0 0 0 0 0 0 0 0 case 0 
0 0 0 0 0 0 0 0 0 0 0 0 0 0 0 0 0 0 0 case 0 
0 0 0 0 0 punct 0 0 0 0 0 0 0 0 0 0 0 0 0 0 0 0 0 0 0 0 0 0 0 0 0 0 0 det 0 0 
0 0 0 0 0 nmod 0 0 0 0 0 0 0 0 0 0 0 
0 0 0 0 dep 0 0 0 0 0 0 0 0 0 0 0 0 0 0 0 0 0 0 0 0 0 0 mark 0 0 0 0 0 0 0 0 0 0 0 0 0 0 0 0 0 0 0 0 0 0 0 0 0 0 acl:relcl 0 0 0 0 0 0 0 0 0 0 0 
root 0 0 0 0 0 0 0 0 0 0 0 0 0 0 0 0 0 0 0 0 0 0 0 0 
0 0 0 0 nsubj 0 0 0 0 0 0 0 0 0 0 0 aux 0 0 0 0 0 
0 0 0 0 ccomp 0 0 0 0 0 0 0 0 0 0 0 0 0 0 0 0 0 0 0 0 0 0 0 0 case 0 0 0 0 
0 0 0 0 0 0 0 0 0 0 aux 0 0 0 0 0 0 0 0 0 0 0 0 0 neg 0 0 0 0 advcl 0 0 0 0 0 0 0 0 0 
0 0 0 0 0 0 0 0 0 0 0 0 ccomp 0 0 0 0 0 0 0 
0 0 0 0 0 0 0 0 0 mark 0 0 0 0 0 0 0 
0 0 0 0 0 0 0 0 0 advcl 0 0 0 0 0 0 0 0 0 0 0 0 
0 mark 0 0 0 0 0 0 0 0 0 0 0 advcl 0 0 0 0 0 0 0 0 
0 0 0 punct 0 
0 0 0 0 0 0 0 0 mark 0 0 0 0 0 0 0 0 0 0 0 0 0 0 0 auxpass 0 0 0 0 0 0 0 0 0 xcomp 0 0 0 0 0 0 0 0 0 0 
0 0 0 0 0 0 0 0 0 0 0 0 0 0 0 0 0 0 0 det 0 
0 0 0 0 0 0 nsubj 0 0 0 0 0 0 0 0 0 0 0 
0 0 0 0 0 0 0 0 0 aux 0 0 0 0 0 0 0 0 0 0 0 0 0 0 aux 0 0 0 
0 0 0 0 0 0 0 mark 0 0 0 0 
0 0 0 cop 0 0 0 0 0 0 0 0 0 0 0 0 0 0 det 0 0 0 0 0 0 0 0 0 root 0 0 0 0 0 0 0 0 0 0 0 0 0 
0 0 0 0 0 0 0 0 0 0 0 0 0 0 advmod 0 0 0 
0 0 0 0 0 0 0 0 0 0 det 0 0 
0 0 nsubj 0 0 0 0 0 0 0 0 0 0 advmod 0 0 0 0 0 0 
0 0 0 0 0 0 0 0 0 0 0 0 0 xcomp 0 0 0 0 0 0 0 0 0 0 0 0 0 0 0 0 0 0 compound:prt 0 
0 mark 0 0 0 
0 0 0 0 0 0 0 0 0 0 0 0 0 0 0 case 0 
0 0 0 0 0 0 0 0 0 0 0 0 ccomp 0 0 0 0 0 0 
0 0 0 0 0 0 0 0 0 0 0 0 advmod 0 0 0 0 0 0 0 0 0 0 0 0 0 0 0 0 0 0 0 0 case 0 0 0 0 0 0 0 0 0 0 0 0 0 0 0 0 0 0 0 0 det 0 0 0 0 0 0 0 0 0 0 0 0 nmod 0 0 0 0 0 0 0 0 0 0 0 0 
0 0 0 0 0 0 0 0 0 case 0 0 0 0 0 0 0 
0 0 0 det 0 0 0 0 0 0 amod 0 
0 0 0 0 0 0 0 0 0 0 0 0 0 0 nmod 0 0 
0 0 0 0 0 0 0 0 0 0 0 parataxis 0 0 0 0 
0 0 0 0 nsubj 0 0 0 0 0 0 0 0 
0 0 0 0 0 0 0 0 0 0 0 0 0 0 0 0 0 case 0 0 0 0 0 0 0 0 0 0 0 0 0 0 0 0 advmod 0 0 0 0 0 0 0 0 0 0 0 0 0 0 0 0 0 0 0 0 0 0 0 0 0 case 0 0 
0 0 0 0 0 aux 0 0 0 0 0 0 0 0 0 0 0 0 0 0 auxpass 0 0 0 0 0 0 0 0 0 0 acl:relcl 0 0 0 0 0 0 0 0 0 0 
0 0 0 0 0 acl 0 0 0 0 0 0 0 0 0 
0 0 0 0 0 0 0 0 0 0 0 0 0 amod 0 0 0 
0 0 0 0 dep 0 0 0 0 0 0 0 0 0 0 0 0 0 dep 0 0 0 0 0 0 0 0 0 0 0 0 0 0 0 0 0 0 det 0 0 0 0 0 0 0 0 0 0 0 0 0 0 0 dep 0 0 0 0 0 0 0 0 0 0 0 0 0 0 
0 0 0 0 advcl 0 0 0 0 0 0 0 0 0 0 0 0 
0 0 0 0 0 0 0 0 0 0 0 0 mark 0 0 0 0 0 0 0 0 0 
0 0 0 0 0 0 0 0 0 0 0 0 0 0 0 0 0 0 det 0 0 0 0 0 0 0 0 0 0 0 0 0 0 0 0 0 0 0 0 0 0 dobj 0 0 0 0 0 0 0 0 0 0 0 0 0 0 0 0 0 0 0 0 0 0 nsubj 0 0 0 0 0 0 0 0 0 0 0 0 0 0 0 0 0 0 0 0 0 0 aux 0 0 0 0 0 0 0 0 0 0 0 0 0 0 0 0 ccomp 0 0 0 0 0 
0 0 0 0 0 0 0 0 0 0 case 0 0 0 0 0 0 0 0 0 0 0 0 0 0 0 0 0 0 0 nmod 0 0 0 0 0 
0 mark 0 0 0 0 0 0 0 0 0 0 0 0 0 0 0 0 0 
0 0 0 0 0 0 0 0 0 0 0 mark 0 0 0 0 0 0 0 0 0 0 0 0 0 0 0 0 xcomp 0 0 0 0 0 0 0 0 0 
0 0 0 0 nsubj 0 0 0 0 0 0 0 0 0 0 0 aux 0 0 0 0 0 
root 0 0 0 0 0 0 0 0 0 0 0 0 0 0 
0 0 0 0 0 0 0 0 0 0 0 0 det 0 0 0 0 0 0 0 0 0 0 0 0 0 0 0 0 amod 0 0 
0 0 0 0 0 0 0 0 0 0 0 0 0 0 nsubjpass 0 0 0 
0 0 0 0 0 0 mark 0 0 0 0 
0 0 0 0 0 0 0 0 0 0 advmod 0 0 0 0 0 
0 0 0 0 0 0 0 0 acl 0 0 0 
0 0 0 0 0 0 0 0 0 0 0 0 0 0 0 0 aux 0 0 0 0 0 0 0 0 0 0 0 0 0 ccomp 0 0 0 
0 0 0 0 
0 0 0 0 0 0 0 0 0 0 0 mark 0 0 0 0 
0 0 nsubj 0 0 0 0 0 0 cop 0 0 root 0 0 0 0 0 
0 0 0 0 0 0 0 0 0 0 0 ccomp 0 0 0 0 0 0 0 0 0 0 0 0 0 0 0 0 0 0 0 0 0 0 0 mark 0 0 0 0 0 0 0 0 0 0 0 0 0 0 0 0 auxpass 0 0 0 0 0 0 0 0 0 0 0 0 0 0 xcomp 0 0 0 0 
0 0 0 0 0 0 0 advmod 0 0 0 0 0 0 0 
0 0 0 0 0 0 0 0 0 0 0 0 0 0 0 0 0 0 0 mark 0 0 0 0 0 0 0 0 0 0 0 0 0 0 0 0 0 0 0 0 acl 0 0 0 0 0 0 0 
root 0 0 0 0 0 dep 0 
0 0 0 0 0 0 0 advcl 0 0 0 0 0 0 0 0 
0 0 0 0 0 0 0 0 0 0 0 0 0 0 0 0 0 0 0 0 0 0 0 auxpass 0 0 0 0 0 0 0 0 0 0 0 0 0 0 0 0 0 0 0 0 0 0 acl:relcl 0 
0 0 aux 0 0 0 
0 0 0 0 conj 0 0 0 0 0 0 0 0 0 aux 0 0 0 
0 0 0 0 0 0 0 0 0 acl 0 0 0 0 0 
0 0 appos 0 0 0 0 0 0 0 0 0 0 0 0 aux 0 0 0 0 
0 0 0 0 0 0 0 nmod:poss 0 0 0 0 0 0 0 0 0 
0 0 0 0 0 0 0 0 0 0 0 0 0 0 0 aux 0 0 0 0 0 0 0 0 0 0 0 0 0 0 0 0 ccomp 0 0 0 0 0 0 0 
0 0 0 0 case 0 0 
0 mark 0 0 0 0 0 0 0 0 0 0 0 0 0 
0 0 0 0 0 0 0 0 0 0 dobj 0 0 
0 0 0 0 0 0 0 0 0 0 0 0 0 0 0 0 0 0 mark 0 0 0 0 0 0 0 
0 0 dobj 0 0 0 0 0 0 0 0 0 0 0 0 0 
0 0 0 0 aux 0 0 0 0 0 0 0 0 neg 0 0 0 0 0 0 0 0 aux 0 
0 0 0 0 0 0 0 0 det 0 0 0 0 0 0 0 0 0 0 0 0 0 0 0 0 0 0 0 det 0 
0 0 0 0 0 0 0 0 0 compound 0 0 0 
root 0 0 0 0 cop 0 0 0 0 nsubj 0 
0 0 0 0 0 0 0 0 0 0 0 dobj 0 0 0 
0 0 aux 0 0 0 0 0 0 0 0 0 0 0 aux 0 0 0 0 0 0 0 root 0 0 0 0 0 0 0 0 0 0 
root 0 0 0 0 0 0 0 0 0 0 0 0 
0 0 0 0 0 nsubj 0 0 0 0 0 0 0 0 0 0 0 
0 0 nsubj 0 0 0 0 0 cop 0 
0 0 0 0 0 0 0 0 advmod 0 
0 0 aux 0 0 0 
0 0 0 0 0 0 0 0 0 0 aux 0 0 0 0 0 0 0 0 0 0 0 0 0 0 0 0 0 0 0 0 0 0 auxpass 0 0 0 0 0 0 0 0 0 0 root 0 0 0 0 0 0 0 0 0 0 0 0 0 0 0 0 0 0 0 0 0 
0 0 0 0 0 0 0 0 0 0 0 0 0 conj 0 0 0 0 0 0 0 0 0 0 0 0 0 0 0 0 0 0 0 0 0 compound:prt 0 0 
0 0 0 0 0 xcomp 0 0 0 0 0 0 0 0 
0 0 0 0 0 0 mark 0 0 0 0 0 0 0 0 0 0 
0 0 0 0 0 0 0 0 0 0 0 dobj 0 0 0 0 0 0 
0 0 0 aux 0 0 0 0 0 0 0 0 0 0 0 0 0 0 0 0 0 0 advcl 0 0 0 0 0 0 0 
0 0 0 0 0 0 
0 0 0 0 0 0 0 0 0 0 0 0 acl 0 0 0 0 0 0 0 0 0 0 0 0 0 0 0 0 0 0 0 0 0 compound:prt 0 0 0 0 0 0 0 0 0 0 0 0 0 0 0 0 0 0 0 0 0 dobj 0 0 0 0 0 0 
0 0 0 0 0 0 0 0 0 neg 0 0 0 
0 0 nsubj 0 0 0 0 0 0 0 0 0 0 0 aux 0 0 0 0 0 0 0 0 0 0 0 neg 0 0 0 0 0 0 root 0 0 0 0 0 0 0 0 0 0 0 0 0 0 0 0 0 0 0 0 mark 
0 0 0 0 0 0 0 0 0 0 0 0 0 0 nmod 0 0 0 
0 0 0 0 0 0 0 0 0 0 cop 0 0 0 0 0 0 0 dep 0 0 0 
0 0 0 0 0 0 0 0 0 0 0 0 0 0 0 0 case 
0 0 0 0 nsubj 0 0 0 0 0 0 0 0 0 0 0 0 0 0 0 aux 0 0 0 0 0 0 0 0 0 
0 0 0 0 0 0 0 0 0 0 0 0 0 0 0 0 advmod 0 0 0 0 0 0 0 0 0 0 0 0 0 0 0 0 0 0 0 0 0 mark 0 0 0 
0 0 0 0 0 0 acl 0 0 0 0 0 0 0 0 0 
root 0 0 0 0 0 0 0 0 0 0 0 0 0 0 0 0 0 0 cc 0 0 0 0 0 0 0 0 0 0 0 0 0 0 0 0 0 0 conj 0 0 0 0 0 0 0 0 0 0 0 0 0 0 0 
0 0 0 0 0 0 0 0 nsubjpass 0 0 0 0 0 0 0 0 0 0 0 0 0 0 0 0 0 0 0 0 0 0 0 aux 0 0 0 0 0 0 0 0 0 0 0 0 0 0 0 0 0 0 0 0 0 0 0 aux 0 0 0 0 0 0 0 0 0 0 0 0 0 0 0 0 0 0 0 0 0 0 0 auxpass 0 0 0 0 0 0 0 0 0 0 0 
0 0 0 0 0 0 0 0 0 0 0 0 0 0 0 0 0 0 0 advmod 0 0 0 0 0 0 0 0 0 0 0 0 0 0 0 0 0 0 0 advmod 0 0 0 0 0 0 0 0 0 0 0 0 0 0 0 0 0 0 0 0 0 0 0 0 0 0 mark 0 0 
0 0 0 0 0 aux 0 0 0 0 0 0 0 0 0 0 0 0 aux 0 0 0 0 0 root 0 0 0 0 0 0 0 0 0 0 0 
0 0 dep 0 0 0 0 0 0 0 0 0 0 0 nsubj 0 0 0 0 0 0 0 root 0 0 0 0 0 0 0 0 0 0 0 0 0 0 dobj 0 0 0 0 0 0 0 0 0 0 0 0 0 mark 0 0 0 0 0 0 0 0 xcomp 0 0 0 0 0 0 0 0 0 0 0 0 0 iobj 0 0 0 0 0 0 0 0 0 0 0 0 det 0 0 0 0 0 0 0 0 0 dobj 0 
0 0 aux 0 0 0 0 0 0 0 0 0 0 0 0 neg 0 0 0 0 0 0 0 0 
0 0 0 0 0 det 0 0 0 0 0 0 0 0 0 0 0 0 0 0 0 0 0 0 0 0 0 0 0 0 0 0 det 0 
0 0 0 0 0 0 0 0 mark 0 0 0 0 0 0 0 0 0 0 0 0 0 acl 0 0 0 0 0 0 0 
0 0 0 0 0 0 0 dep 0 0 0 0 0 0 
0 0 aux 0 0 0 0 0 0 0 0 0 0 0 0 
0 0 0 0 0 0 0 0 0 0 0 0 0 0 dobj 0 0 0 0 0 
root 0 0 0 0 0 0 0 0 0 0 0 0 0 0 0 0 0 0 compound:prt 0 0 0 0 0 0 0 0 0 0 0 0 
0 0 0 0 0 0 0 0 0 0 0 0 0 0 0 0 0 0 0 0 mark 0 0 0 
0 0 0 0 0 0 0 0 0 0 0 0 0 acl 0 0 0 0 0 0 0 
0 0 0 0 0 0 0 0 aux 0 0 0 0 0 0 0 0 root 0 0 0 0 0 0 0 0 0 0 0 0 0 0 0 0 
root 0 0 0 0 0 0 0 0 
0 0 0 0 0 0 0 appos 0 0 0 0 0 0 0 0 
0 0 0 0 0 0 0 0 0 0 dobj 0 0 0 
root 0 0 0 0 0 dobj 0 
0 0 0 0 0 0 0 0 0 0 0 amod 0 0 0 0 0 0 0 0 
0 0 0 0 0 0 0 0 0 0 0 0 0 0 punct 0 0 0 0 0 0 0 0 0 0 0 0 0 0 0 0 0 0 0 0 0 0 0 0 0 0 0 0 0 0 0 0 0 det 0 
0 0 0 0 0 0 0 0 0 0 0 0 0 0 0 0 0 0 0 0 0 dobj 0 0 0 
0 0 0 0 0 nsubj 0 0 0 0 0 0 0 0 0 0 0 0 0 0 0 0 0 aux 0 0 0 0 0 0 0 0 0 0 0 0 0 0 0 0 0 aux 0 0 0 0 0 0 0 0 0 
0 0 0 0 0 0 0 0 0 0 0 0 dep 0 0 
0 0 aux 0 0 0 
root 0 0 0 0 0 0 0 0 0 0 0 0 0 0 0 0 0 0 0 0 0 0 0 0 0 0 0 0 0 0 0 0 0 0 0 0 compound:prt 0 0 0 0 0 0 0 0 0 0 0 0 0 0 0 0 0 0 0 0 0 0 
0 0 dep 0 0 0 0 0 neg 0 root 0 0 0 0 
0 0 0 0 0 0 0 0 0 0 0 0 0 0 xcomp 0 0 0 0 0 0 0 0 0 0 0 0 
0 0 0 0 0 0 0 0 0 0 0 0 0 0 0 0 0 advmod 0 0 0 0 0 0 0 0 0 0 0 0 0 0 0 0 0 0 0 0 case 0 
0 0 nsubj 0 0 0 0 0 0 0 0 0 0 0 0 0 0 0 0 0 0 0 0 0 aux 0 0 0 0 0 0 0 0 0 0 0 0 0 0 0 0 0 
0 0 nummod 0 0 0 0 0 0 0 0 0 0 0 0 nsubj 0 0 0 0 0 0 0 0 0 0 cop 0 0 0 root 0 0 0 0 0 0 0 0 0 0 0 0 0 0 0 0 0 0 case 0 0 0 0 0 0 0 nmod 0 0 
0 0 0 0 0 0 0 0 0 0 nsubjpass 0 0 0 0 0 0 0 0 0 0 0 0 0 0 0 0 
root 0 0 0 0 0 0 0 0 0 
0 0 0 0 0 0 0 0 0 0 0 0 0 0 0 ccomp 0 0 0 0 0 0 0 
0 0 0 0 advmod 0 0 0 
root 0 0 0 0 0 dep 0 
0 0 0 0 0 0 advmod 0 0 0 0 0 0 0 0 0 0 advmod 0 0 0 0 0 0 0 0 0 0 0 0 0 nmod 0 0 0 0 0 0 0 
0 aux 0 0 0 0 
0 0 0 0 0 xcomp 0 0 0 0 0 0 0 0 
root 0 0 0 0 0 0 
0 0 0 0 0 0 0 0 0 0 conj 0 0 0 0 0 0 0 0 0 0 0 0 0 0 0 0 0 0 0 0 0 0 0 0 compound:prt 0 0 0 0 0 0 0 0 0 0 0 0 0 0 0 0 0 0 0 case 0 
0 0 0 0 0 0 0 0 0 nsubj 0 0 0 0 0 0 0 0 
0 0 0 0 0 0 0 0 0 0 0 0 amod 0 0 0 0 0 0 0 0 0 0 0 0 0 0 0 0 0 0 0 0 0 0 0 0 conj 0 0 0 0 0 0 0 0 0 0 
0 0 0 0 0 0 0 0 0 0 0 0 0 0 case 0 0 0 0 0 0 0 0 0 0 0 0 0 0 0 0 0 0 0 0 0 0 0 0 nmod 0 0 
0 0 0 0 0 0 0 0 0 0 0 0 0 0 0 aux 0 0 0 0 0 0 0 0 0 0 0 0 0 0 0 0 0 0 0 0 aux 0 0 0 0 0 0 0 0 0 0 0 0 0 0 acl:relcl 0 0 0 0 0 0 0 0 
0 0 0 0 0 0 0 0 0 0 0 0 0 0 0 0 0 0 0 advmod 0 0 
0 0 0 0 0 0 0 0 0 0 0 mark 0 0 0 0 0 0 0 0 0 0 0 0 0 auxpass 0 0 0 0 0 0 0 0 0 0 xcomp 0 0 
root 0 0 0 0 0 0 0 0 0 0 0 0 0 0 0 0 0 0 0 0 0 0 0 0 0 0 0 nsubj 0 0 0 0 0 0 0 0 0 0 0 0 0 0 0 0 0 ccomp 0 0 0 0 0 0 0 0 0 0 
0 0 0 0 0 0 0 0 case 0 0 0 0 
0 0 0 0 0 0 0 0 0 0 0 0 0 0 0 appos 0 0 0 0 0 0 0 0 0 
0 0 0 punct 0 0 0 
0 0 0 0 0 0 0 0 punct 0 0 0 0 0 0 0 0 0 0 0 0 0 0 0 0 0 0 0 0 0 0 0 0 0 0 0 0 0 0 det 0 0 0 0 
0 0 0 0 0 0 0 0 0 0 0 nmod 0 0 0 0 0 0 0 0 0 0 0 0 
root 0 0 0 0 0 0 0 0 0 0 0 0 0 0 0 0 0 
0 0 0 0 0 0 0 0 0 0 0 0 0 aux 0 0 0 0 0 0 0 0 0 0 0 0 0 0 0 0 0 0 0 aux 0 0 0 0 root 0 0 0 0 0 0 0 0 0 0 0 0 0 0 0 0 0 0 
0 0 0 0 0 ccomp 0 0 0 0 0 0 0 0 0 0 0 0 
0 0 0 0 0 0 0 0 0 0 0 0 0 0 0 0 0 0 case 0 0 0 0 0 0 0 0 0 0 0 nmod 0 0 0 0 0 0 0 
0 0 0 0 0 0 0 0 0 0 0 0 0 0 0 dep 0 0 0 0 0 0 0 0 0 0 0 0 compound:prt 0 0 0 0 0 0 0 0 0 
0 0 0 0 0 0 0 0 0 dobj 0 0 0 0 0 0 0 0 0 0 0 
0 0 0 0 0 0 0 0 0 0 0 0 0 aux 0 0 0 0 0 0 0 0 0 0 0 0 0 0 0 0 0 0 0 0 aux 0 0 0 0 0 0 0 0 0 0 0 0 0 0 0 0 0 0 0 0 auxpass 0 0 0 0 root 0 0 0 0 0 0 0 0 0 0 0 0 0 0 0 0 0 0 0 
0 0 0 0 0 0 0 0 advmod 0 0 0 0 0 0 
0 0 0 0 0 0 ccomp 0 0 0 0 0 0 0 0 0 0 0 0 0 0 0 0 0 0 0 0 0 0 0 0 0 0 0 case 0 0 0 0 0 0 0 0 0 0 0 
root 0 0 0 0 0 dep 0 
0 0 0 0 nsubj 0 0 0 0 0 0 0 0 0 0 0 0 0 
0 0 0 0 0 0 aux 0 0 0 0 root 0 0 0 0 0 0 0 0 0 0 0 0 0 0 0 0 0 0 0 case 0 
0 0 0 0 0 0 0 0 0 0 0 0 dobj 0 0 0 0 0 0 
0 0 aux 0 0 0 0 0 0 0 0 0 
0 0 0 0 ccomp 0 0 0 0 0 0 dobj 0 0 0 0 0 0 0 0 0 0 cc 0 0 0 0 0 0 0 0 0 0 conj 0 0 0 0 0 0 
0 0 0 0 0 0 0 advmod 
0 0 0 0 0 0 0 0 0 0 0 0 0 0 0 0 0 0 0 0 0 0 0 0 csubj 
0 0 0 0 0 0 nmod 0 0 0 0 0 0 0 0 0 0 0 
0 0 0 0 0 0 0 0 0 0 0 0 0 0 0 0 dobj 0 0 0 
0 0 0 0 0 0 0 0 0 0 0 0 0 0 amod 0 0 0 0 0 0 0 0 0 0 0 0 0 0 0 
0 0 0 0 0 0 0 0 0 0 0 xcomp 
0 0 0 0 0 0 0 0 0 0 amod 0 0 0 0 0 0 0 0 0 
0 0 0 0 0 0 0 0 0 advmod 0 0 0 0 0 0 
0 0 0 0 0 0 0 ccomp 0 0 0 0 0 0 0 0 0 0 0 0 0 0 0 
root 0 0 0 0 0 0 0 0 0 0 0 0 0 0 0 0 0 0 0 0 0 0 0 0 0 0 0 
0 0 0 0 0 0 0 0 0 dep 0 0 0 0 0 0 0 0 0 0 compound:prt 0 0 0 0 0 0 0 0 0 0 0 0 0 0 0 0 0 0 case 0 0 0 0 0 0 0 0 0 0 0 
0 0 0 0 0 0 0 0 0 0 0 0 0 0 0 0 0 case 0 0 0 0 0 0 0 0 0 0 0 0 0 nmod 0 0 0 0 0 0 0 0 0 0 0 0 0 0 0 0 0 0 0 0 0 0 0 0 0 0 0 0 mark 0 0 
0 0 0 0 0 acl 0 0 
0 0 advmod 0 0 0 0 0 0 0 0 0 0 0 
0 0 0 aux 0 0 0 0 0 0 0 0 0 0 0 0 0 0 0 0 0 neg 0 0 0 0 0 0 0 0 0 0 0 0 root 0 0 0 0 0 0 0 0 0 0 0 0 0 0 0 0 
0 0 0 0 auxpass 0 0 0 0 0 0 0 root 0 0 0 0 0 0 0 0 0 0 0 
0 0 0 0 0 0 0 0 nsubj 0 0 0 0 0 0 
0 aux 0 0 0 0 0 0 0 0 0 0 0 0 0 0 0 0 0 0 0 0 0 0 0 0 0 0 0 0 0 0 0 0 0 0 0 0 advcl 0 0 0 0 0 0 0 0 0 
0 0 0 0 0 0 0 0 0 0 0 0 0 aux 0 0 0 0 0 0 0 0 0 0 ccomp 0 0 0 0 0 
0 0 0 0 0 0 0 0 0 0 0 0 0 0 0 0 0 dobj 0 0 0 0 0 0 
0 0 0 aux 0 0 0 0 0 0 0 0 0 0 0 0 0 0 0 0 0 advcl 0 0 0 0 0 0 0 0 
0 0 0 0 0 0 0 0 acl 0 0 0 
0 0 0 0 0 0 0 0 0 0 0 aux 0 0 0 0 0 0 0 0 0 0 0 0 advcl 0 0 0 0 0 0 0 0 0 0 0 
0 0 0 0 0 0 0 0 advmod 0 0 0 0 0 0 0 0 0 0 0 0 0 0 0 mark 0 0 0 0 0 
0 0 0 0 0 0 0 0 aux 0 0 0 0 0 0 
0 0 aux 0 0 0 0 0 0 0 0 0 0 0 0 0 0 0 aux 0 0 0 0 0 0 0 0 0 0 0 root 0 0 0 0 0 0 0 0 0 0 0 0 0 0 
0 0 0 0 0 0 0 0 advmod 0 0 0 
0 0 0 0 det 0 0 0 0 0 0 0 0 0 0 0 0 0 0 0 0 0 0 0 0 0 0 0 0 0 0 0 0 0 0 0 0 punct 
0 0 0 0 0 0 0 0 0 0 0 0 0 dobj 0 0 
root 0 0 0 0 0 0 0 0 
0 0 0 0 0 0 0 0 0 0 0 0 0 0 0 0 0 advmod 0 
0 0 0 0 0 0 0 0 0 advcl 0 0 0 0 0 0 0 0 0 0 0 
0 0 0 0 0 0 0 0 0 0 0 0 0 mark 0 0 0 0 0 0 0 0 0 
0 0 0 0 0 0 0 0 0 0 0 0 0 case 0 0 0 0 0 0 0 0 0 0 0 0 0 0 nmod 0 0 0 0 0 0 0 0 0 0 0 0 0 0 0 0 0 0 case 
0 0 0 0 0 0 0 0 0 0 0 0 0 0 0 0 0 0 aux 0 0 0 0 0 0 0 0 0 0 0 0 0 0 0 0 auxpass 0 0 0 0 0 0 0 0 root 0 0 0 0 0 0 0 0 0 0 0 0 0 0 0 0 0 0 0 0 0 
0 0 0 0 0 neg 0 0 0 0 0 0 0 0 0 0 0 0 0 0 ccomp 0 0 0 0 0 0 0 0 0 0 0 0 0 
0 ccomp 0 0 0 0 0 0 0 0 0 advmod 0 0 0 0 0 0 0 0 case 
0 0 aux 0 0 0 0 0 0 0 0 aux 0 0 0 0 root 0 0 0 0 0 0 0 
0 0 0 0 0 0 0 0 0 amod 0 0 0 0 0 
0 0 0 0 0 0 0 0 acl 
0 0 0 0 0 0 0 0 xcomp 0 0 0 0 0 0 0 
0 0 0 0 0 0 0 0 0 0 0 0 0 0 0 0 0 0 dobj 0 0 0 
0 0 discourse 0 0 0 0 0 punct 0 
0 0 0 0 0 0 0 0 0 0 0 0 punct 0 0 0 0 0 0 0 0 0 0 0 0 0 0 0 0 0 0 0 0 0 0 0 0 0 0 0 0 0 0 0 0 det 
0 advmod 0 0 0 0 0 0 
0 0 0 aux 0 0 0 0 0 0 0 0 0 0 0 0 0 0 0 0 0 0 0 0 0 0 0 0 aux 0 0 0 0 0 0 0 0 0 0 0 0 0 0 0 0 0 0 0 root 0 0 0 0 0 0 0 0 0 0 0 0 0 0 0 0 0 0 0 0 0 0 0 
0 0 0 0 0 mark 0 0 0 0 0 0 0 0 0 0 xcomp 0 0 0 0 0 0 0 0 0 
0 0 0 0 0 0 0 0 0 0 0 0 0 aux 0 0 
0 0 0 0 0 0 0 0 0 advmod 0 0 0 0 0 0 0 0 0 0 0 0 0 0 0 0 0 0 0 case 0 0 0 0 0 0 0 0 0 0 0 0 0 0 0 advcl 0 0 0 0 0 
root 0 0 0 0 0 0 0 0 0 0 0 0 0 0 0 0 compound:prt 0 0 0 0 0 0 0 0 
0 0 0 0 0 0 0 0 0 0 0 0 mark 0 0 0 0 0 0 0 
root 0 0 0 0 0 0 0 0 0 0 0 0 0 0 0 0 0 0 0 
0 0 0 0 0 0 0 0 case 0 0 0 0 0 
root 0 0 0 0 0 0 0 0 0 0 0 0 0 0 
0 0 0 0 0 0 0 0 nsubj 0 0 0 0 0 0 0 0 0 
0 0 0 0 0 0 advmod 0 0 0 0 0 0 
0 0 0 0 0 0 0 acl 0 0 0 0 
0 0 aux 0 0 0 
0 0 0 0 0 0 0 0 0 0 0 0 0 0 0 0 case 
0 0 0 0 0 0 0 0 0 0 0 0 0 0 0 0 dobj 0 0 
0 0 0 0 0 0 0 advcl 0 0 0 0 0 0 0 0 0 
0 0 0 0 0 0 0 0 0 0 0 0 0 0 0 nsubj 0 0 
0 0 nsubj 0 0 0 0 0 cop 0 
0 0 0 0 0 0 0 det 0 0 0 0 0 0 0 0 0 0 0 0 0 0 0 0 0 0 0 0 0 0 0 0 punct 0 0 0 0 0 
0 0 0 0 0 0 0 0 0 0 0 nmod:poss 0 0 0 0 0 
0 0 0 conj 0 0 0 0 0 0 0 0 0 0 0 0 0 0 0 0 
0 0 0 0 0 0 advcl 0 0 0 0 0 0 0 0 0 0 
0 0 0 0 0 0 0 0 nsubj 0 0 0 0 0 0 0 0 0 0 0 0 aux 0 0 0 0 0 0 0 0 0 0 0 0 aux 0 
0 0 0 0 0 0 0 0 advmod 0 0 0 0 0 0 0 0 0 
root 0 0 0 0 0 0 0 0 0 0 0 0 0 0 0 0 0 0 0 0 0 0 0 0 0 0 0 0 0 0 0 0 0 0 0 0 0 nsubj 0 0 0 0 0 0 0 0 0 
0 0 0 0 0 0 0 0 0 0 0 0 0 mark 0 0 0 0 0 0 0 0 0 0 0 0 0 0 0 0 0 0 0 auxpass 0 0 0 0 0 0 0 0 0 0 0 0 0 0 0 0 acl 0 0 0 0 0 0 
root 0 0 0 dep 0 
0 0 xcomp 0 0 0 0 0 0 0 0 0 0 
root 0 0 0 0 0 0 0 0 0 0 0 0 0 0 0 0 0 0 0 
0 0 0 0 0 0 0 0 0 case 0 0 0 0 0 0 0 0 0 0 0 0 nmod 0 0 0 0 0 0 0 0 0 0 0 0 0 0 0 0 0 0 0 0 case 0 
root 0 0 0 0 0 0 0 0 0 
0 0 0 0 ccomp 0 0 0 0 0 0 0 0 0 0 
0 0 0 0 0 0 0 0 0 0 0 0 0 0 0 0 aux 0 0 0 0 0 0 0 0 0 0 0 0 0 0 0 0 0 0 0 0 0 0 0 auxpass 0 0 0 0 0 0 0 xcomp 0 0 0 0 0 0 0 0 0 0 0 0 0 0 0 0 0 0 0 0 
root 0 0 0 0 0 0 0 0 0 0 0 0 0 0 0 0 
0 0 0 0 nsubj 0 0 0 0 0 0 0 cop 0 
0 0 0 0 0 0 0 0 0 0 0 0 advmod 0 0 0 0 0 
0 0 0 0 0 0 0 0 case 0 
0 dep 0 0 0 0 0 0 0 neg 0 0 0 0 root 0 0 0 0 0 0 
0 0 0 0 0 0 nsubj 0 0 0 0 0 0 0 mark 0 0 0 0 0 
0 0 0 0 0 0 0 0 0 mark 0 
0 0 nsubj 0 0 0 0 0 0 0 0 
0 0 0 0 mark 0 0 0 0 0 0 0 0 0 0 0 0 0 0 0 0 neg 0 0 0 0 0 0 0 0 0 0 0 0 0 0 0 0 advmod 0 0 0 0 0 0 0 0 0 0 0 0 0 0 0 0 0 0 0 0 0 advcl 0 0 0 0 0 0 0 0 0 0 nmod 0 0 0 0 0 0 0 0 
0 0 dobj 0 0 0 0 0 
root 0 0 0 0 0 0 0 
0 0 0 0 0 0 0 0 0 0 0 0 0 cc 0 0 0 0 0 
0 0 0 0 0 0 conj 0 0 0 0 0 0 0 0 0 0 0 
root 0 0 0 0 0 advmod 0 
0 0 0 0 0 0 0 0 0 0 advcl 0 0 0 0 0 0 0 0 0 0 0 0 0 0 0 0 0 0 0 0 compound:prt 0 0 
0 0 0 0 0 0 0 0 0 auxpass 0 0 0 0 0 0 0 0 ccomp 0 0 0 0 0 0 0 
0 0 0 dobj 0 0 0 0 0 
0 0 0 0 0 0 0 0 0 0 case 0 0 0 0 0 0 0 0 0 0 0 0 0 nmod 0 0 0 0 0 
root 0 0 0 0 0 0 0 0 0 0 0 0 0 0 0 
0 0 dep 0 0 0 0 0 0 punct 0 0 
0 0 0 0 0 0 0 0 0 0 0 nsubj 0 0 
0 0 0 0 0 0 0 0 0 auxpass 0 0 0 0 0 0 0 0 0 0 0 0 0 0 0 0 0 root 0 0 0 0 0 0 0 0 0 0 0 0 0 0 0 0 0 0 0 0 0 0 0 0 0 0 0 0 0 0 0 0 0 0 0 0 0 mark 0 0 0 0 0 0 0 0 0 0 0 0 0 0 0 0 0 0 0 0 0 0 0 0 0 0 0 aux 0 0 0 0 0 0 0 0 0 0 0 0 0 0 0 0 0 0 0 0 0 0 0 0 xcomp 0 0 0 0 0 0 0 0 0 0 0 0 0 0 0 0 
0 0 0 0 0 0 0 0 0 0 0 0 0 0 0 0 ccomp 0 0 0 0 0 0 0 0 0 0 0 0 0 0 0 0 0 0 0 0 0 0 0 0 0 0 nmod 
0 0 0 0 0 0 0 0 0 0 0 0 0 0 0 0 0 nsubj 0 0 0 0 0 0 0 0 0 0 0 0 0 0 advcl 0 0 0 
root 0 0 0 0 0 nsubj 0 
0 0 0 0 0 0 ccomp 0 0 0 0 0 0 0 0 0 0 0 0 0 mark 0 0 0 0 0 0 0 0 0 0 0 0 0 0 0 0 0 0 nsubj 0 0 0 0 0 0 0 0 0 0 0 0 0 0 0 0 0 0 aux 0 0 0 0 0 0 0 0 0 0 0 0 0 0 dep 0 0 0 0 0 0 0 0 0 0 0 0 0 0 0 0 
root 0 0 0 0 0 0 dobj 0 0 0 0 0 dep 0 
0 0 0 0 0 0 0 0 0 0 aux 0 0 0 0 0 0 0 0 0 0 0 0 0 conj 0 0 0 0 0 0 0 0 0 
root 0 0 0 0 0 0 0 0 0 0 0 0 0 0 0 0 0 0 0 0 0 0 0 0 0 0 0 0 0 0 0 0 0 0 0 0 0 0 0 0 nsubj 0 0 
0 0 aux 0 0 0 0 0 0 0 0 0 dep 0 0 0 
root 0 0 0 0 0 0 0 0 0 0 0 0 0 0 0 
root 0 0 0 0 0 0 0 0 0 0 0 0 0 0 0 0 0 0 0 0 0 
0 0 0 0 0 nmod 0 0 0 0 0 0 0 0 0 0 0 0 0 0 0 0 0 0 0 0 0 0 0 
root 0 0 0 0 0 0 0 0 0 0 0 0 0 0 0 0 0 0 0 0 0 0 0 0 0 compound:prt 0 
0 0 0 0 0 0 0 0 0 0 0 0 0 0 0 0 0 case 0 0 0 0 0 0 0 0 0 0 0 0 0 0 0 0 0 0 0 nmod 0 0 0 0 
0 0 0 0 0 0 0 0 0 0 advcl 0 0 0 0 0 0 0 0 0 0 case 0 0 0 0 0 0 0 0 0 0 
0 0 0 0 0 0 0 advmod 0 0 0 0 
0 0 0 det 0 0 0 0 0 0 0 0 0 0 0 0 0 0 0 0 0 0 det 0 0 0 0 0 0 0 
0 0 0 0 0 aux 0 0 0 0 0 0 0 0 auxpass 0 0 0 ccomp 0 0 0 0 0 
0 0 0 0 0 0 0 0 0 0 0 0 0 0 0 0 0 0 0 csubj 0 0 0 0 0 0 0 0 0 0 0 0 0 0 0 0 0 dobj 0 0 0 0 0 0 0 0 conj 0 0 0 0 0 0 0 0 0 0 0 0 0 0 0 0 0 0 0 
0 0 0 0 0 0 0 0 0 0 0 conj 0 0 0 
root 0 0 0 0 0 dep 0 
0 0 0 0 0 0 cc 0 0 0 0 0 0 0 0 0 0 0 
0 aux 0 0 0 0 0 0 0 0 0 neg 0 0 0 0 0 0 0 0 0 nsubj 0 0 0 0 0 0 0 0 0 aux 0 0 0 0 
root 0 0 0 0 0 0 0 0 0 0 0 0 0 0 0 0 0 0 compound:prt 0 0 0 0 0 0 0 0 0 0 
0 0 0 0 0 0 0 0 0 mark 0 0 0 0 0 
0 0 0 0 0 0 conj 0 0 0 0 0 0 0 0 0 0 0 0 
0 0 0 0 0 0 0 0 0 0 amod 0 0 0 
0 aux 0 0 0 0 neg 0 
0 0 0 0 0 0 0 0 0 0 0 mark 0 0 
0 0 aux 0 0 root 0 0 0 0 
0 dep 0 0 0 0 0 0 0 0 0 0 0 0 0 0 0 0 0 0 0 advmod 0 0 0 0 0 0 0 0 
0 0 0 0 0 0 0 0 0 0 0 0 0 0 aux 0 0 0 0 0 0 0 0 0 0 0 0 0 0 0 0 0 0 0 auxpass 0 0 0 0 0 0 0 0 0 0 0 0 0 acl 0 0 0 0 0 0 0 0 
0 0 0 0 acl 0 0 0 0 0 0 0 0 
0 0 0 0 0 0 0 0 0 0 0 advcl 0 0 0 0 0 0 0 0 
0 0 0 0 0 0 0 0 0 0 0 0 0 0 0 0 mark 0 0 0 0 0 0 0 0 0 0 0 0 0 0 0 0 0 0 0 0 0 auxpass 0 0 0 0 0 0 0 0 0 0 0 0 0 0 xcomp 0 0 0 0 0 0 0 0 0 
0 0 0 0 0 0 0 0 0 0 0 0 0 0 0 det 0 0 0 0 0 0 0 0 0 0 0 0 0 0 0 0 0 0 0 0 0 0 0 0 0 0 punct 0 0 0 0 0 
0 0 nsubj 0 0 0 0 0 0 0 0 0 0 0 aux 0 0 0 0 0 0 0 0 0 0 0 aux 0 0 0 0 0 0 
0 0 0 0 0 nsubj 0 0 0 
0 0 0 0 0 0 0 0 0 0 0 0 0 0 0 0 mark 0 0 0 0 
0 0 aux 0 0 0 0 0 0 0 0 0 0 0 0 aux 0 0 0 0 0 0 0 0 root 0 0 0 0 0 0 0 0 0 0 0 
0 0 0 0 0 case 0 0 0 0 0 0 0 0 0 0 0 0 0 0 0 det 0 0 0 0 0 0 0 0 0 0 0 0 nmod 0 0 0 0 0 0 0 0 0 0 
0 0 0 0 0 0 0 0 0 0 0 nsubj 0 0 0 0 0 0 0 0 
0 0 0 aux 0 0 0 0 0 0 0 0 neg 0 0 0 0 0 aux 0 0 0 0 0 0 root 0 0 0 0 0 0 0 0 
root 0 0 0 0 0 0 0 0 0 0 0 0 0 0 0 0 0 0 0 0 0 0 0 0 0 0 0 0 0 0 0 nsubj 0 0 0 0 0 0 0 0 0 0 0 0 0 0 0 0 0 0 0 ccomp 0 0 0 0 0 0 0 0 0 0 0 0 0 0 0 0 0 0 0 0 0 0 
0 0 0 0 0 0 0 0 0 0 dobj 0 0 0 0 0 0 0 0 0 0 0 0 0 0 0 0 0 0 0 0 0 0 0 0 0 0 0 0 0 0 0 0 0 0 0 0 0 punct 0 0 0 0 0 
root 0 0 0 0 0 dobj 0 
0 nsubj 0 0 0 0 0 0 0 0 0 0 0 root 0 0 0 0 0 0 0 0 0 0 0 0 0 0 advmod 0 0 0 0 0 0 0 0 0 0 
0 0 0 0 det 0 0 0 0 0 0 det 0 0 0 0 0 
0 0 0 mark 0 0 0 0 0 
0 0 0 0 0 0 0 0 0 0 0 0 0 0 0 advmod 0 0 0 0 0 0 0 0 0 0 0 0 0 0 0 0 0 0 0 0 mark 0 0 0 
0 0 0 0 0 0 0 0 0 0 0 0 0 0 0 mark 0 0 0 0 0 0 0 0 0 0 0 0 0 0 0 0 0 auxpass 0 0 0 0 0 0 0 0 0 0 0 0 0 xcomp 0 0 0 
0 0 0 0 auxpass 0 0 0 0 0 0 0 0 0 0 0 0 0 0 0 0 0 0 0 0 0 0 0 neg 0 0 0 0 0 0 0 0 0 0 0 0 0 0 0 0 0 0 0 0 0 0 0 0 0 0 0 0 0 0 0 case 0 0 0 0 0 0 0 0 0 0 0 0 0 0 0 0 0 0 0 0 0 nmod 0 0 0 0 0 0 0 0 0 
root 0 0 0 0 0 0 0 0 0 0 case 
0 0 0 0 0 0 0 0 xcomp 0 0 0 0 0 0 0 0 0 0 0 0 0 0 0 0 
0 0 0 0 xcomp 0 0 0 0 0 0 0 0 0 0 0 0 0 0 0 0 0 0 0 compound:prt 0 0 0 0 0 0 0 0 0 0 0 0 0 
0 0 0 0 0 0 0 0 0 nsubj 0 0 0 0 0 0 0 0 0 0 
0 0 0 cop 0 0 nsubj 0 0 0 0 0 0 0 0 0 
0 0 0 0 0 0 0 0 0 0 0 acl:relcl 0 0 0 0 0 0 
0 0 0 0 0 0 0 0 0 case 0 0 0 0 0 0 0 0 0 0 0 0 0 case 0 0 
0 0 0 0 0 0 0 advcl 0 0 0 0 0 0 0 
root 0 0 0 0 0 0 0 0 0 0 0 0 0 
0 0 0 0 advcl 0 0 0 0 0 
0 0 acl 0 0 0 0 0 0 0 0 0 0 
0 0 0 0 0 advcl 0 0 0 0 0 0 
0 0 0 0 0 0 0 0 0 0 0 0 0 0 case 0 0 0 0 
0 0 0 nmod 0 0 0 0 0 0 0 
0 0 0 0 0 0 0 0 0 mark 0 0 0 0 0 0 0 
0 0 0 0 acl 0 0 0 
0 0 0 0 0 0 0 0 0 0 0 0 0 auxpass 0 0 0 0 0 0 0 0 0 0 root 0 0 0 0 0 0 0 0 0 0 0 0 0 0 0 0 0 0 0 0 0 0 0 
0 0 0 0 0 0 0 0 0 mark 0 0 0 0 0 0 0 0 0 0 0 0 0 0 0 0 0 0 auxpass 0 0 0 0 0 0 0 0 0 0 0 0 0 xcomp 0 0 0 0 0 0 0 0 0 0 0 
0 0 0 0 0 0 0 acl 0 0 0 0 0 0 0 0 0 
0 0 0 0 ccomp 0 0 0 0 0 0 0 0 0 0 0 0 0 0 
0 0 0 0 0 0 0 0 0 0 0 0 0 nsubj 0 0 0 0 0 
0 0 0 0 0 0 0 0 mark 0 0 0 0 0 
0 0 conj 0 0 0 0 0 0 0 0 0 0 0 0 0 0 0 
0 0 0 0 0 0 0 0 0 0 0 0 0 nsubj 0 0 0 
root 0 0 0 0 0 0 
0 0 0 0 0 0 0 0 0 0 0 0 0 case 0 0 0 0 0 0 0 0 0 0 0 
0 0 0 0 0 0 0 0 0 0 0 0 0 0 0 0 advmod 0 0 
0 0 0 0 0 0 0 0 0 nmod 0 0 0 0 0 0 0 0 0 0 0 
0 0 0 0 0 0 0 0 0 aux 0 0 0 0 0 0 0 0 0 0 0 0 0 0 0 0 0 0 0 auxpass 0 0 0 0 0 0 0 0 0 0 0 0 0 0 0 0 xcomp 0 0 0 0 0 0 0 0 0 0 0 0 0 0 0 0 0 0 xcomp 0 0 0 0 0 0 0 0 0 0 
0 0 0 0 0 0 0 0 0 0 advmod 0 
0 0 dep 0 0 0 0 0 nsubj 0 root 0 0 0 0 
0 0 0 0 0 0 0 0 0 0 0 0 0 0 0 mark 0 0 0 0 0 0 0 0 0 0 0 0 0 0 0 0 0 auxpass 0 advcl 0 0 0 0 0 0 0 0 0 0 0 0 0 0 0 
0 0 0 0 0 advcl 0 0 0 0 0 0 0 0 
root 0 0 0 0 0 0 0 0 0 0 0 0 0 0 0 0 0 0 0 0 0 0 0 0 0 0 0 0 0 0 0 0 neg 
0 0 advmod 0 0 0 0 0 0 0 0 0 0 0 0 0 0 0 0 amod 0 0 0 0 0 0 0 0 0 0 0 0 0 0 0 0 
0 0 0 0 0 0 0 0 0 0 0 0 punct 0 0 0 0 
0 advmod 0 0 0 root 0 0 0 0 0 0 nsubj 0 0 
0 0 0 dobj 0 0 0 0 0 0 0 0 0 0 0 0 
0 0 0 0 0 0 0 0 0 0 0 0 xcomp 0 0 0 0 
root 0 0 0 0 0 0 0 0 0 0 0 0 0 0 0 0 0 0 0 0 0 0 0 0 0 0 0 0 0 0 0 0 0 0 0 0 0 0 0 0 0 0 0 0 0 0 compound:prt 0 0 0 0 0 0 
0 0 0 0 0 0 0 advcl 0 0 0 0 0 0 0 0 0 compound:prt 0 0 0 0 0 0 
0 0 0 0 xcomp 0 0 
0 0 nsubj 0 
0 0 0 0 0 0 0 0 0 det 0 0 0 0 0 0 0 0 0 0 0 0 0 0 0 0 0 0 0 0 0 appos 0 0 0 0 0 0 0 0 0 0 0 0 0 0 0 0 
0 0 0 0 0 0 0 0 aux 0 0 0 0 0 0 0 0 0 0 0 auxpass 0 0 0 0 0 0 0 conj 0 0 0 0 
0 0 0 0 0 0 0 0 advmod 0 
0 0 0 advmod 0 0 0 0 0 0 0 0 0 
0 0 0 0 aux 0 0 0 0 0 0 0 0 0 0 0 0 0 0 0 0 0 0 0 0 0 0 0 0 0 0 0 0 0 0 advcl 0 0 0 0 0 0 0 0 
0 neg 0 0 0 0 root 0 0 0 0 0 0 0 punct 0 0 0 0 0 0 0 0 neg 
0 0 0 0 0 0 cop 0 
0 0 det 0 0 0 0 0 0 0 0 0 0 0 0 0 0 0 0 0 det 0 0 0 0 0 
0 discourse 0 0 0 0 0 punct 0 0 0 0 0 advmod 0 
0 0 0 0 0 0 dobj 0 0 0 
0 0 0 0 0 0 0 0 0 xcomp 0 0 0 0 0 
0 0 0 0 0 0 0 0 0 0 0 0 0 advmod 0 0 0 0 
0 0 0 0 0 0 0 0 0 0 0 0 0 0 0 0 0 0 0 case 0 0 0 0 
0 0 0 0 0 dobj 0 0 0 0 0 0 0 0 0 0 0 0 nsubj 0 0 0 0 0 0 0 0 ccomp 0 0 0 0 0 0 0 0 
0 0 0 0 0 0 0 0 0 0 0 0 0 0 aux 0 0 0 0 0 0 0 0 0 0 0 0 0 0 0 0 0 0 0 0 0 0 0 aux 0 0 0 0 0 0 0 0 0 0 0 0 0 0 0 0 0 0 xcomp 0 0 0 0 0 0 0 0 0 0 0 
root 0 0 0 0 0 0 0 0 0 0 0 0 0 0 0 0 0 0 0 0 0 0 0 0 0 0 0 0 compound:prt 0 0 0 0 0 0 0 0 
0 0 0 0 0 advmod 0 0 0 0 0 0 root 0 0 0 0 0 0 0 0 0 0 0 0 0 0 0 0 0 0 0 nsubj 0 0 0 
0 0 0 0 0 0 0 advmod 0 0 0 0 0 0 0 0 0 0 0 0 0 
0 0 0 0 0 0 0 acl:relcl 0 0 0 0 0 0 0 0 0 
0 0 0 0 0 0 0 0 0 0 0 0 0 0 0 0 0 0 0 0 0 xcomp 
0 0 0 0 0 0 0 0 0 acl 0 0 0 0 0 0 0 
0 0 0 0 0 0 0 0 mark 0 0 0 
root 0 0 0 0 0 0 0 0 0 0 0 0 0 0 0 0 0 0 0 0 
0 advmod 0 0 0 0 0 0 0 0 0 0 0 0 
0 0 0 dobj 0 0 0 0 0 0 0 0 0 0 0 0 0 0 0 0 0 0 case 0 0 0 0 0 
0 0 0 0 0 0 aux 0 0 0 0 0 0 0 0 0 0 0 0 0 0 0 0 acl:relcl 0 0 0 0 0 0 0 0 0 0 0 0 0 0 0 0 
root 0 0 0 0 0 0 0 0 0 0 0 0 
0 0 nsubj 0 0 0 0 0 0 0 0 0 0 0 0 0 aux 0 0 0 0 0 0 0 0 0 root 0 0 0 0 0 0 0 0 0 0 0 0 0 0 0 0 0 0 0 0 0 0 0 nsubj 0 0 0 0 0 0 0 0 0 0 0 0 0 0 0 aux 0 0 
0 0 0 aux 0 0 0 0 0 0 0 0 0 0 auxpass 0 0 0 0 0 root 0 0 0 0 0 0 0 0 0 
root 0 0 0 0 0 0 
0 0 xcomp 0 0 0 0 0 0 0 0 
0 0 0 cc 0 0 0 0 0 0 0 0 0 
root 0 0 0 0 0 0 0 0 0 0 0 0 0 0 0 0 0 0 det 0 0 0 0 0 0 0 nsubj 0 0 
0 0 0 0 0 advcl 0 0 0 0 0 0 0 0 0 
0 0 0 0 0 nmod 0 0 0 0 0 0 0 
0 0 0 0 0 0 xcomp 0 0 0 0 0 0 0 0 0 0 0 0 
0 0 0 nsubj 0 0 0 0 0 0 0 0 0 0 0 0 0 0 0 0 cop 0 0 0 0 0 0 0 0 0 0 0 0 0 0 0 0 advmod 0 0 0 0 0 0 0 0 0 0 root 0 0 0 0 0 0 0 0 0 0 0 0 0 0 0 0 0 0 0 0 0 0 0 0 0 case 0 0 0 0 0 
0 0 0 0 0 0 0 conj 0 0 0 0 0 0 0 0 
0 0 0 aux 0 0 0 0 0 0 0 0 0 0 0 0 0 root 0 0 0 0 0 0 0 0 0 0 0 0 0 0 0 0 0 0 0 0 0 0 0 0 0 0 0 0 0 0 0 0 nsubj 
0 0 0 0 0 0 case 0 0 0 0 0 0 0 
0 0 nsubj 0 0 0 0 0 0 0 cop 0 0 0 root 0 0 0 0 0 0 0 0 0 0 0 0 mark 
0 0 0 xcomp 0 0 0 0 0 0 0 0 0 0 0 0 0 0 0 0 
0 0 0 0 0 0 0 0 0 0 mark 0 0 0 0 0 0 0 0 0 0 0 0 0 
0 0 0 0 0 0 0 0 0 0 0 cop 0 0 0 0 
root 0 0 0 0 0 0 0 0 0 0 0 0 0 0 0 0 0 0 0 0 0 0 0 nsubj 0 0 0 0 0 0 0 0 0 0 0 0 0 0 0 0 0 ccomp 0 0 0 0 0 0 0 0 
0 0 0 0 0 0 0 0 0 0 0 0 0 0 0 0 0 0 0 0 mark 0 0 0 0 0 0 0 0 0 0 0 0 0 0 0 0 acl 0 0 0 0 
root 0 0 0 0 0 0 0 0 0 
root 0 0 0 0 0 0 0 0 0 0 0 0 0 0 
0 0 0 0 advmod 0 0 0 0 0 0 case 0 0 0 0 0 0 0 0 
0 0 0 0 0 0 0 0 0 advcl 0 0 0 0 0 0 0 0 
root 0 0 0 0 0 0 0 0 0 0 0 0 0 0 0 0 0 0 0 0 0 0 0 0 0 nsubj 0 0 0 0 0 0 0 0 0 0 0 0 0 0 0 0 0 ccomp 0 0 0 0 0 0 0 0 0 0 0 0 0 0 0 
0 0 0 0 0 0 0 0 0 0 0 0 0 0 nmod 0 
0 0 0 0 0 xcomp 0 0 0 0 0 0 0 
0 0 0 0 0 0 0 0 0 xcomp 0 0 0 0 0 0 0 0 0 
0 0 0 0 0 0 0 0 0 cop 0 0 0 0 0 0 0 0 0 0 0 0 0 0 0 0 0 0 0 0 0 0 case 0 0 0 0 0 0 0 0 0 0 0 0 0 0 0 0 0 0 0 0 0 0 0 0 0 0 0 0 0 0 advcl 0 0 
0 0 0 det 0 0 0 0 0 0 0 0 0 0 0 0 0 0 0 0 0 0 0 0 0 0 0 0 0 0 0 0 0 0 0 0 0 0 0 0 0 det 0 0 0 0 
0 0 0 0 0 0 0 0 0 0 0 0 0 0 0 0 0 0 0 0 0 0 0 0 0 0 0 aux 0 0 0 0 0 0 0 0 0 0 0 0 0 0 0 0 0 0 0 0 0 0 0 0 0 0 0 advcl 0 0 0 0 0 0 
0 0 0 0 0 0 0 0 0 0 auxpass 0 0 0 0 0 0 0 ccomp 0 0 0 0 0 0 0 0 0 0 0 
0 0 cc 0 0 0 0 0 0 0 0 0 0 0 0 0 0 0 0 0 
0 0 0 0 0 0 0 0 0 0 0 0 mark 0 0 0 0 0 
0 0 0 0 0 0 0 0 0 dobj 0 0 0 0 0 
0 0 0 0 0 0 0 0 0 0 0 0 case 0 0 0 0 0 0 0 advcl 0 0 0 0 0 0 0 
0 0 0 0 0 0 0 0 0 aux 0 0 0 0 0 0 0 0 0 0 0 0 0 0 auxpass 0 0 0 root 0 0 0 0 0 0 0 0 0 0 0 0 0 
0 0 0 0 0 0 0 0 0 0 0 0 0 advcl 0 0 0 0 0 0 0 0 nmod 0 0 0 0 0 0 0 0 0 0 0 
0 0 0 det 0 0 0 0 0 0 0 0 0 0 0 0 0 0 0 0 0 0 0 0 0 0 0 0 0 0 0 0 0 0 0 0 0 0 0 0 0 0 0 det 0 0 
0 0 0 aux 0 0 0 0 0 0 0 0 0 0 0 0 nsubj 0 0 0 0 0 0 0 root 0 0 0 0 0 0 0 0 0 0 0 
0 0 0 0 0 0 0 0 0 0 mark 0 0 0 0 0 0 0 0 0 0 0 0 0 0 0 0 0 0 0 auxpass 0 0 0 0 0 0 0 0 0 0 0 xcomp 0 0 0 0 0 0 0 0 0 0 0 0 0 0 
0 0 0 0 0 cop 0 0 0 0 0 0 0 0 0 0 0 0 det 0 0 0 0 0 root 0 0 0 0 0 0 0 0 0 0 0 0 0 0 0 0 0 0 amod 0 0 0 0 
0 0 0 0 0 0 0 0 punct 0 0 0 0 0 0 0 0 0 0 0 0 0 0 0 0 0 0 0 0 0 0 0 0 0 0 0 0 0 0 0 0 0 0 0 det 0 0 0 0 0 
0 0 0 0 0 0 0 0 advcl 0 0 0 
0 nummod 0 0 0 0 0 0 0 0 0 0 0 amod 0 0 0 0 0 0 0 0 0 0 0 0 0 nsubj 0 0 0 0 0 
0 0 0 0 nsubj 0 0 0 root 0 0 0 0 0 0 0 
0 0 0 0 0 0 0 0 0 0 0 aux 0 0 0 0 0 0 0 0 0 0 0 0 0 0 0 0 0 0 0 auxpass 0 0 0 0 0 0 0 0 0 0 0 0 0 ccomp 0 0 0 0 0 0 0 0 0 0 0 
root 0 0 0 0 0 0 0 0 0 0 0 0 0 0 0 0 0 0 0 0 0 
0 0 0 0 nsubj 0 0 
0 0 0 0 0 0 0 0 0 0 0 0 mark 0 0 0 0 0 0 0 0 0 
0 0 0 0 0 0 0 0 advmod 0 0 0 0 0 0 
0 0 0 0 0 0 0 case 0 0 0 0 0 0 0 0 0 0 0 nmod 0 0 
0 0 0 0 0 0 dep 0 0 0 0 0 0 0 0 0 
0 0 0 0 aux 0 0 0 0 0 0 0 0 0 0 
0 0 0 0 0 0 0 0 0 dep 
0 0 0 0 0 0 0 0 0 0 0 advmod 
0 0 0 0 0 0 0 0 0 0 mark 0 0 0 0 0 
0 0 nsubj 0 root 0 0 0 
0 0 0 0 0 0 aux 0 0 0 0 0 0 0 0 0 0 0 xcomp 0 0 0 0 0 0 0 0 0 
0 0 0 0 0 auxpass 0 0 0 0 0 root 0 0 0 0 0 0 0 0 0 0 
0 0 0 0 0 0 0 0 aux 0 0 0 0 0 0 0 0 0 0 0 0 advmod 0 0 root 0 0 0 0 0 0 0 0 0 0 0 
0 0 0 0 0 nsubj 0 0 0 0 0 0 0 0 0 
0 0 0 0 0 0 0 0 0 0 0 case 0 0 0 
0 0 0 0 0 0 0 0 0 0 0 0 0 0 0 nmod 0 0 
0 0 aux 0 0 0 0 0 0 0 0 0 0 0 0 0 0 0 0 0 0 0 
0 0 0 0 compound 0 0 0 0 0 0 0 0 0 0 0 0 0 0 0 0 0 0 0 nummod 0 0 0 0 0 0 0 0 0 0 0 0 0 0 0 det 0 0 0 0 root 0 0 0 0 0 0 0 0 0 0 0 0 0 0 0 0 0 0 0 0 0 0 0 0 0 0 0 case 0 
0 0 0 0 0 0 0 0 0 0 advcl 0 0 0 0 0 0 0 0 0 0 0 0 0 0 0 0 0 0 0 0 neg 0 0 0 0 
0 0 0 0 0 0 0 0 0 0 auxpass 0 0 0 0 0 0 root 0 0 0 0 0 0 0 0 0 0 0 0 0 0 0 0 
0 0 0 0 0 0 0 0 0 0 0 aux 0 0 0 0 0 0 0 0 0 root 0 0 0 0 0 0 0 0 0 0 0 0 0 0 0 0 0 0 0 0 
0 0 0 0 0 0 0 0 0 0 0 0 0 0 xcomp 0 0 0 
0 0 0 0 0 0 0 ccomp 0 0 0 0 0 0 0 0 0 0 0 0 
0 0 0 0 0 0 0 0 0 0 0 advmod 0 0 0 0 0 
0 0 0 0 0 0 0 0 0 0 0 0 0 0 0 0 0 mark 0 0 0 0 0 0 0 0 0 0 0 xcomp 0 0 0 0 0 0 0 0 0 0 0 0 0 0 0 0 
0 0 0 0 0 0 0 0 0 0 0 dep 0 0 0 0 0 0 0 0 0 
0 nsubjpass 0 0 0 0 0 0 0 0 0 0 0 0 0 0 0 0 0 0 0 0 auxpass 0 0 0 0 0 0 0 0 0 0 0 0 0 0 0 0 0 root 0 0 0 0 0 0 0 0 0 0 0 0 0 0 0 0 0 0 0 
0 0 0 0 0 0 aux 0 0 0 0 0 0 0 0 0 0 0 0 det 0 0 0 0 0 0 0 0 0 0 0 0 0 0 0 0 0 0 0 0 0 0 0 nsubj 0 0 0 0 0 0 0 0 0 0 0 0 0 0 0 0 0 0 cop 0 0 0 0 0 0 0 0 0 
0 0 0 0 0 0 0 0 0 0 0 0 0 0 advmod 0 
0 0 0 0 0 0 advcl 0 0 0 0 0 0 0 0 0 
0 0 0 0 0 0 0 0 0 amod 0 0 0 0 0 0 0 0 0 0 0 0 0 0 0 0 0 0 0 
0 0 0 0 0 amod 0 0 0 dep 0 0 
0 0 dep 0 0 
0 0 0 0 ccomp 0 0 0 0 0 0 0 0 0 0 mark 0 0 0 0 0 0 0 0 0 0 0 0 0 nsubj 0 0 0 0 0 0 0 0 0 0 advcl 0 0 0 0 0 0 0 0 0 0 0 
0 0 0 0 0 0 xcomp 0 0 0 0 0 0 0 0 0 0 0 0 0 
0 0 0 0 0 0 0 conj 0 0 0 0 0 0 0 0 0 0 0 0 0 0 0 0 0 0 0 0 compound:prt 0 0 0 
0 0 0 0 0 0 0 0 0 0 0 0 0 0 0 case 0 0 0 0 0 0 0 0 0 0 0 0 0 0 0 0 0 0 nmod 0 0 0 0 0 0 0 
0 0 0 0 0 advmod 0 0 
0 0 0 0 0 0 0 0 0 0 0 0 0 0 aux 0 0 0 0 0 0 0 0 0 0 0 0 0 0 0 0 0 0 0 conj 0 0 0 0 0 0 0 0 0 0 0 0 0 
0 0 0 0 0 0 0 0 0 0 0 0 0 det 
0 0 0 0 0 0 0 0 0 0 mark 0 0 0 0 
0 0 0 0 0 0 0 0 mark 0 0 0 0 0 0 0 0 0 xcomp 0 0 0 0 0 0 0 0 0 
0 0 0 0 0 0 0 0 0 0 0 0 0 0 aux 0 0 0 0 0 0 0 0 0 0 0 0 0 0 0 0 0 0 0 0 auxpass 0 0 0 0 
0 0 0 aux 0 0 0 0 0 0 0 cop 0 0 
0 0 0 0 0 0 0 0 0 0 0 0 0 mark 0 0 0 
0 0 0 0 0 0 0 0 0 0 ccomp 0 0 
0 0 0 0 0 0 0 0 0 0 0 0 0 0 advcl 0 0 0 0 0 0 0 0 0 0 0 0 0 0 0 0 0 0 0 0 0 0 0 0 0 0 aux 0 0 0 0 0 0 0 0 0 0 0 0 0 0 advmod 0 0 0 0 0 0 0 0 0 root 0 0 0 0 0 0 0 0 0 0 0 0 0 0 0 0 0 0 0 0 0 
0 0 0 0 0 0 0 0 0 0 0 0 aux 0 0 0 0 0 0 0 0 0 0 0 0 0 0 0 0 0 0 0 conj 0 0 0 0 0 0 0 0 0 0 0 0 0 0 0 0 0 0 0 
0 0 0 0 0 0 0 0 0 0 0 0 0 compound:prt 0 0 
root 0 0 0 0 0 0 0 0 case 0 0 nmod 0 0 
0 aux 0 0 0 0 0 0 0 0 0 0 0 0 0 0 0 0 0 0 0 0 0 0 0 0 0 0 0 auxpass 0 0 0 0 0 0 0 0 0 0 0 0 0 0 0 0 0 0 0 0 0 0 0 0 0 0 0 0 0 0 0 0 0 0 advcl 0 0 0 0 0 0 0 0 0 0 0 0 0 0 0 0 
0 0 0 0 0 0 0 0 0 0 0 0 0 0 0 0 0 0 0 0 nmod 0 0 0 0 0 0 0 0 0 0 0 0 0 0 0 0 0 0 0 0 0 0 0 0 0 0 advmod 
0 0 0 0 0 0 0 0 0 0 0 0 0 0 0 0 0 0 0 0 0 0 0 0 0 0 0 0 0 0 0 0 0 0 0 0 0 0 0 0 0 0 0 0 0 
0 0 0 0 0 0 0 0 0 dobj 0 0 0 
0 nsubj 0 0 0 0 0 0 0 0 cop 0 0 0 0 0 root 0 0 0 0 0 0 0 
0 0 0 0 0 0 0 0 xcomp 0 0 0 0 0 
0 0 aux 0 0 0 0 0 0 0 0 0 0 
0 0 0 aux 0 0 0 0 0 0 0 0 0 0 0 0 0 0 0 0 0 0 0 0 0 0 0 0 
0 0 0 0 dep 0 0 0 0 0 0 0 nsubj 0 root 0 0 0 0 0 0 
0 0 advcl 0 0 0 0 0 0 0 0 0 0 0 0 0 0 compound:prt 0 0 
0 0 0 cc 0 0 0 0 0 
0 advmod 0 0 0 0 0 0 0 0 0 0 0 amod 0 0 0 0 0 0 0 0 0 0 amod 0 0 0 0 0 
0 0 aux 0 0 0 0 0 0 0 0 0 0 0 0 0 0 0 0 root 0 0 0 0 0 0 0 0 0 0 0 0 0 0 0 0 0 0 
0 0 0 0 0 0 0 acl:relcl 0 0 0 0 0 0 0 0 0 0 0 0 0 0 0 0 0 0 0 0 0 0 0 0 0 case 0 0 0 0 
0 0 aux 0 0 0 0 0 0 0 0 0 0 0 0 0 0 0 0 0 
0 0 0 0 0 0 0 aux 0 0 0 0 0 0 0 0 0 0 0 0 0 0 0 0 nsubj 0 
0 0 0 0 csubj 0 0 0 0 0 
0 0 0 0 0 0 0 0 0 0 0 0 0 0 0 0 0 nsubj 0 0 0 0 0 0 0 0 0 0 0 0 0 0 0 0 0 0 0 aux 0 0 0 0 0 0 0 0 0 0 0 0 ccomp 0 0 0 0 0 0 
0 0 0 0 0 0 0 0 0 0 0 0 ccomp 0 0 0 0 0 0 0 0 0 0 0 0 0 0 0 0 0 0 0 0 0 0 conj 0 0 0 0 
0 0 0 auxpass 0 0 0 0 0 0 root 0 0 0 0 0 0 0 0 0 
0 0 0 0 0 0 0 0 0 0 0 conj 0 0 0 0 0 0 
0 0 0 0 0 0 ccomp 0 0 0 0 0 0 0 0 0 0 0 0 0 0 0 0 0 0 dobj 
0 0 0 0 0 0 nsubj 0 0 0 0 0 0 0 0 0 0 0 0 0 0 aux 0 0 0 0 0 0 0 0 0 0 0 0 0 0 0 0 0 0 dep 0 0 0 0 0 0 0 0 0 nmod 0 0 0 0 0 
0 0 0 0 0 0 0 0 0 0 0 mark 0 0 0 0 0 0 0 0 
0 0 0 nsubj 0 0 0 0 0 0 0 0 cop 0 0 0 0 0 0 0 0 advmod 0 0 0 case 0 0 0 0 0 0 0 0 0 0 0 0 case 0 
root 0 0 0 0 0 0 0 0 0 0 0 0 0 0 0 0 0 0 compound:prt 0 0 0 0 0 0 0 0 0 0 0 0 
0 0 0 0 0 0 det 0 0 0 0 0 0 0 0 0 0 0 0 0 det 0 
0 0 0 aux 0 0 0 0 0 0 0 0 0 0 0 0 0 
0 0 0 0 0 0 0 0 0 0 0 aux 0 0 0 0 0 0 0 0 0 0 advcl 0 0 0 0 0 0 0 
0 0 0 0 0 0 0 nsubj 0 0 0 0 0 0 0 
0 0 0 0 0 mark 0 0 0 0 
0 0 nsubj 0 0 0 0 0 0 aux 0 0 root 0 0 0 0 0 0 0 0 0 dobj 0 
0 0 0 0 0 0 0 0 0 0 0 0 case 0 0 0 0 0 0 0 0 0 0 0 0 0 0 0 0 0 0 0 amod 0 0 0 0 0 0 0 0 0 0 0 0 0 0 0 0 case 0 0 0 0 0 0 0 0 0 0 0 0 0 0 0 0 0 nmod 0 0 0 0 0 0 0 0 0 0 0 0 0 0 0 0 0 0 0 0 0 0 0 0 nmod 0 0 0 0 0 0 0 0 0 nmod 0 0 0 0 0 0 0 0 0 0 0 
0 0 0 0 0 acl:relcl 0 0 0 0 0 0 0 0 
0 0 0 0 0 0 0 nsubj 0 0 0 0 0 0 0 0 dep 0 0 0 0 0 
0 0 dep 0 0 0 0 0 0 0 0 0 0 nsubj 0 0 0 0 0 0 root 0 0 0 0 0 0 0 0 0 
0 0 0 0 0 0 0 punct 0 0 
0 0 punct 0 0 0 0 0 0 0 0 case 
0 0 0 0 0 0 mark 0 0 0 
0 0 0 0 0 0 0 0 0 0 0 0 0 0 aux 0 0 0 0 0 0 0 0 0 0 0 0 0 0 0 0 0 0 auxpass 0 0 root 0 0 0 0 0 0 0 0 0 0 0 0 0 0 0 0 0 0 0 0 0 0 0 0 0 0 0 0 0 0 0 0 0 advmod 0 
0 0 0 0 0 det 0 0 0 0 0 0 0 0 0 0 0 0 0 0 0 0 amod 0 0 0 0 0 0 0 0 0 
root 0 0 0 0 0 0 0 0 0 0 
0 0 0 0 0 0 0 0 0 0 0 case 0 0 0 0 0 0 0 0 0 0 0 0 0 0 0 0 0 0 nmod 0 0 0 
0 advmod 0 0 0 0 0 0 0 0 0 0 0 0 cop 0 0 0 0 0 0 0 0 0 0 0 0 0 0 advcl 0 0 0 0 0 0 
0 0 0 0 0 0 advcl 0 0 0 0 0 0 0 0 0 0 0 0 0 0 0 0 0 0 0 0 0 0 0 compound:prt 0 0 0 
0 0 dep 0 root 0 0 0 
0 0 0 0 0 0 0 0 0 0 aux 0 0 
0 0 0 0 0 0 0 0 aux 0 0 0 0 root 0 0 0 0 0 0 0 0 0 0 0 0 
root 0 0 0 0 0 0 0 0 
0 0 0 0 0 0 0 0 0 0 0 0 0 0 conj 0 0 0 0 0 0 0 0 0 0 0 0 0 0 0 0 0 0 compound:prt 
0 0 dep 0 root 0 0 0 
0 0 0 0 mark 0 0 0 0 0 0 0 0 0 0 0 0 0 0 0 aux 0 0 0 0 0 0 0 0 0 0 0 0 xcomp 0 0 0 0 0 0 0 0 0 0 0 
0 0 0 0 0 0 0 0 0 0 0 0 0 0 0 dep 0 0 0 
0 aux 0 0 0 0 0 0 0 0 0 0 0 0 0 0 0 0 0 0 0 0 0 0 0 0 0 0 0 0 advcl 0 0 0 0 0 0 0 0 0 
0 0 0 0 0 0 0 0 0 0 0 0 0 0 0 0 0 0 0 0 det 0 0 0 0 0 0 0 0 0 0 0 0 0 0 0 0 0 0 0 0 0 0 0 0 0 amod 0 0 0 
0 0 0 0 aux 0 0 0 0 0 0 0 0 0 0 0 0 0 0 0 0 0 0 0 0 0 0 0 aux 0 0 0 0 0 0 0 0 0 0 0 0 0 0 0 0 0 root 0 0 0 0 0 0 0 0 0 0 0 0 0 0 0 0 0 0 0 0 0 0 0 0 0 0 0 0 0 0 0 0 0 0 0 0 0 0 0 0 0 advmod 0 0 0 0 0 0 0 0 0 0 0 0 0 0 0 0 0 0 0 0 0 0 0 nsubj 0 0 0 0 0 0 0 0 0 0 0 0 0 0 0 0 0 0 0 0 0 0 0 aux 0 
root 0 0 0 0 0 0 0 0 0 0 0 0 0 0 0 0 0 
0 0 aux 0 0 0 0 0 0 0 0 0 0 aux 0 0 0 0 0 0 root 0 0 0 0 0 0 0 0 0 0 0 0 0 0 0 case 0 0 0 
0 0 0 case 0 0 0 0 0 0 0 0 0 0 0 0 0 0 0 0 0 0 0 0 0 0 nmod 0 0 0 0 0 0 0 0 0 0 0 0 0 0 0 root 0 0 0 0 0 0 0 0 0 0 0 0 0 0 0 0 0 0 0 0 
0 0 0 0 0 0 0 0 0 0 0 0 mark 0 0 0 0 0 0 0 0 
0 det 0 0 0 0 0 0 0 0 0 0 0 0 0 0 0 0 0 0 0 0 nsubj 0 0 0 0 0 0 0 0 0 0 0 0 0 0 0 0 0 0 0 0 cop 0 0 0 0 0 0 0 0 0 0 0 0 0 0 0 0 0 0 0 0 case 0 0 0 0 0 0 0 0 0 0 0 0 0 0 0 root 0 0 0 0 0 0 0 0 0 0 0 0 0 0 0 0 0 0 0 
0 0 0 0 0 0 0 0 nsubj 0 0 0 0 
0 0 0 0 0 0 advcl 0 0 0 0 0 0 0 0 0 0 0 0 0 0 0 0 0 0 0 0 0 0 0 0 0 case 0 
0 0 0 0 0 det 0 0 0 0 0 0 0 0 0 0 0 0 0 0 0 0 0 0 0 0 0 0 0 nsubj 0 0 0 0 
0 0 discourse 0 0 0 0 0 0 punct 0 0 root 0 0 0 0 0 
0 0 nsubj 0 0 0 0 
0 0 0 0 0 0 0 0 0 dep 0 
0 mark 0 0 0 0 0 0 0 0 0 0 0 0 root 0 0 0 0 0 0 0 0 0 0 0 0 0 0 0 compound:prt 0 0 0 0 0 0 0 0 0 0 0 
0 0 0 0 0 0 0 0 0 0 0 0 0 0 0 0 0 0 aux 
root 0 0 
0 punct 0 0 0 0 0 0 0 0 0 0 0 0 case 0 0 0 0 0 0 0 0 0 0 0 det 0 0 0 0 0 0 
0 0 0 0 0 0 aux 0 0 0 0 0 0 0 0 0 0 0 0 0 0 0 0 0 advmod 0 0 0 0 0 0 0 0 0 root 0 0 0 0 0 0 0 0 0 0 0 0 0 0 0 0 
0 0 0 0 0 0 0 0 dep 0 0 0 0 0 0 0 0 0 
0 0 0 0 0 0 0 0 0 0 0 0 0 0 nsubj 0 0 0 0 0 0 0 0 0 0 0 0 0 0 0 0 0 0 0 0 0 0 0 cop 0 0 0 0 0 0 0 
0 0 0 0 0 0 0 0 0 0 0 0 0 0 0 0 0 amod 0 0 0 
0 mark 0 0 0 0 0 0 0 0 0 0 0 0 0 0 0 
0 0 0 0 0 0 0 0 0 0 0 0 0 0 0 0 0 advmod 
root 0 0 0 0 0 0 0 0 0 nmod 0 
0 0 0 0 0 0 0 0 0 0 0 dobj 0 0 0 
root 0 0 0 0 0 0 0 0 0 0 0 0 0 
0 0 0 0 0 0 0 0 0 0 0 0 0 0 0 0 0 0 mark 0 
0 0 0 punct 0 0 root 0 0 0 0 0 
0 0 0 0 conj 0 0 0 0 0 0 0 0 0 0 
0 0 0 0 0 0 0 advcl 0 0 0 0 0 0 0 
0 0 0 ccomp 0 0 0 0 
root 0 0 0 0 0 0 
0 0 0 0 0 0 0 0 0 0 0 0 case 
0 0 0 0 0 0 0 0 0 0 0 0 dobj 0 
0 0 0 0 0 0 0 0 0 0 0 0 aux 0 0 0 0 0 0 0 0 0 0 0 0 0 0 0 0 0 0 0 aux 0 0 0 0 0 root 0 0 0 0 0 0 0 0 0 0 0 0 0 0 0 0 0 0 
0 0 0 0 0 0 0 0 0 0 0 0 0 0 0 0 det 0 0 0 0 
0 0 0 0 0 aux 0 0 0 0 0 0 0 0 0 
0 0 0 0 0 0 0 0 nmod 0 0 0 0 0 0 0 0 0 0 0 0 0 
0 nsubj 0 0 0 0 0 0 aux 0 0 0 0 0 0 neg 0 0 0 0 0 0 cop 0 
0 0 nsubj 0 0 0 0 0 0 0 0 aux 0 0 0 0 0 0 0 0 aux 0 0 0 
0 0 nsubj 0 0 0 0 0 0 cop 0 0 0 0 0 0 advmod 0 
0 0 0 0 0 0 0 0 0 0 0 0 0 0 0 0 0 0 nsubj 
0 0 0 0 0 0 0 0 0 0 0 0 0 0 0 0 case 0 0 0 0 0 0 0 0 0 0 0 0 0 0 0 0 0 0 0 0 0 nmod 0 0 0 
0 0 0 0 0 0 0 0 0 0 0 0 0 case 0 0 0 0 0 0 0 0 0 0 0 0 0 0 0 0 0 0 0 0 0 0 case 0 0 0 0 0 0 0 0 0 0 0 0 0 0 0 0 0 0 0 0 0 0 0 0 0 0 0 nmod 0 
0 0 0 0 dep 0 0 0 0 0 0 0 0 0 0 0 0 advmod 
0 case 0 0 0 0 0 0 0 0 0 0 0 0 0 0 0 0 0 0 0 0 0 0 0 0 0 0 0 0 0 0 0 neg 0 0 0 0 0 0 0 0 0 0 0 0 0 0 0 0 0 0 0 0 0 0 0 0 0 0 0 0 0 0 0 0 0 0 0 0 0 0 0 0 0 0 0 0 0 0 0 nmod 0 0 0 0 0 0 0 0 0 0 0 0 0 0 0 0 0 case 0 0 0 0 0 0 0 0 0 0 0 0 0 0 0 0 0 0 0 0 0 0 0 0 0 0 0 nmod 0 0 0 0 0 0 0 0 0 0 0 0 0 0 0 0 0 0 0 0 0 0 0 0 0 0 0 
0 0 0 0 0 0 0 mark 0 0 0 0 0 0 0 0 0 0 0 0 xcomp 0 0 0 0 0 0 0 
0 0 aux 0 0 0 0 0 0 0 0 0 0 0 0 0 0 0 0 0 0 0 0 0 0 0 0 0 0 0 0 0 0 0 0 0 0 0 0 advcl 0 0 0 0 
0 0 0 0 0 0 0 0 0 0 0 advmod 0 0 0 0 0 0 0 0 0 0 0 0 0 0 0 0 0 0 0 0 0 0 0 advmod 0 0 0 0 0 0 0 0 
0 0 0 0 0 advmod 0 0 0 
0 0 0 0 aux 0 0 0 root 0 0 0 0 0 0 0 
0 0 0 nsubj 0 0 
0 0 0 0 0 0 det 0 0 0 0 0 0 0 0 0 0 amod 0 0 0 0 0 0 dobj 0 0 0 0 0 
root 0 0 0 0 0 0 0 0 0 0 0 0 0 0 0 0 0 
0 0 0 0 0 0 0 0 advmod 0 0 
0 0 nsubj 0 0 0 0 0 0 cop 0 0 0 0 0 0 advmod 0 
0 0 0 aux 0 0 0 0 0 0 0 0 0 0 0 0 nsubj 0 0 0 0 0 0 0 root 0 0 0 0 0 0 0 0 0 0 0 0 0 0 0 0 0 0 nsubj 0 0 0 0 0 0 0 0 0 0 0 0 aux 0 0 0 0 0 0 0 0 ccomp 0 0 0 0 0 0 
0 0 0 0 0 0 conj 0 0 0 0 0 0 0 0 0 0 0 0 0 0 0 0 compound:prt 
0 0 0 aux 0 0 0 0 0 0 0 0 0 0 0 0 0 0 root 0 0 0 0 0 0 0 0 0 0 0 0 0 0 0 0 0 
0 0 0 0 0 0 0 0 0 punct 0 0 0 0 0 0 0 0 0 0 mark 0 0 0 0 0 0 0 0 0 0 0 0 0 0 0 0 0 
0 0 0 0 0 0 0 0 0 0 case 0 0 0 0 0 0 0 0 0 0 0 0 0 0 0 0 0 0 0 0 0 det 0 0 0 0 0 0 0 0 0 0 0 0 0 0 0 nmod 0 0 0 0 0 0 0 0 0 0 0 0 0 0 
root 0 0 0 0 0 0 0 0 neg 0 0 0 0 0 0 0 0 0 aux 0 
0 0 0 0 0 0 cop 0 0 0 0 0 0 0 0 0 0 det 0 0 root 0 0 0 0 0 0 0 0 0 0 0 0 0 0 0 0 0 acl 0 
0 0 0 advcl 0 0 0 0 0 0 0 0 
root 0 0 0 0 0 0 
0 0 0 0 0 0 0 0 0 0 appos 0 0 0 0 0 0 0 0 0 
0 0 0 0 0 0 0 advmod 0 0 0 0 0 0 0 0 0 0 0 0 0 0 0 0 0 0 0 mark 0 0 0 0 0 0 0 0 0 0 0 0 0 0 0 0 0 mark 0 0 0 0 0 0 0 0 0 0 0 0 0 0 0 0 0 auxpass 0 0 0 0 0 0 0 0 0 0 0 0 0 advcl 0 0 0 0 0 0 0 
0 0 0 0 0 0 0 0 0 0 0 0 0 0 0 0 0 0 0 0 0 0 0 aux 0 0 0 0 0 0 0 0 0 0 0 0 0 0 0 0 0 0 0 0 ccomp 0 0 0 
root 0 0 0 0 0 0 0 0 nsubj 0 0 0 0 0 0 cop 0 0 0 0 0 0 det 0 ccomp 0 0 0 0 
0 0 aux 0 0 0 0 0 0 0 0 0 0 0 aux 0 0 0 0 0 0 0 root 0 0 0 0 0 0 0 0 0 0 
0 0 0 0 0 0 0 0 0 0 0 0 0 0 0 dobj 0 0 0 
0 0 0 cc 0 0 0 0 0 0 0 0 0 
0 0 dep 0 0 0 0 0 nsubj 0 root 0 0 0 0 
0 0 0 0 0 0 0 0 0 0 0 0 0 0 0 0 0 0 0 auxpass 0 0 0 0 0 0 0 0 0 0 0 0 0 0 0 0 0 0 0 0 acl:relcl 0 0 0 0 0 0 0 
0 0 0 0 0 0 0 0 0 0 0 0 0 0 0 advmod 0 0 0 0 0 0 0 0 0 0 0 0 0 0 0 0 0 0 0 mark 0 0 
root 0 0 0 0 0 0 0 0 0 0 0 0 0 0 0 0 0 0 0 0 0 0 0 amod 0 0 0 0 0 0 0 0 0 0 0 0 0 0 0 nsubj 0 0 0 0 0 0 0 0 0 0 
0 0 0 0 0 0 0 mark 0 0 0 0 0 0 0 0 0 0 
0 0 0 0 0 0 0 0 nsubj 0 0 0 0 0 0 advmod 0 0 0 0 
root 0 0 0 0 0 dobj 0 
root 0 0 0 0 0 0 0 0 0 0 0 0 0 0 0 0 0 0 0 0 0 0 0 0 0 0 0 0 0 0 0 0 0 0 0 0 0 0 0 0 0 0 0 advmod 0 0 0 0 0 
0 0 0 0 0 0 0 0 0 0 0 0 0 0 aux 0 0 0 0 0 0 0 root 0 0 0 0 0 0 0 0 0 0 0 0 0 0 0 0 0 0 0 0 0 
0 0 0 0 0 0 advcl 0 0 0 0 0 0 0 0 0 0 0 0 
0 amod 0 0 0 0 0 0 0 0 0 0 0 0 0 0 0 0 0 0 dep 0 0 0 0 0 0 0 0 0 0 0 0 0 0 0 0 0 0 mark 0 0 0 0 0 0 0 0 0 0 0 0 0 0 0 0 0 0 nsubj 0 0 0 0 0 0 0 0 0 0 0 0 0 0 0 0 0 0 aux 0 0 0 0 0 0 0 0 0 0 0 0 0 0 0 0 0 0 0 0 advcl 0 0 0 0 0 0 0 0 0 
root 0 0 0 0 0 0 0 0 0 0 0 0 0 0 0 0 0 0 0 0 0 0 0 0 0 aux 0 0 0 0 0 0 0 0 0 0 0 0 parataxis 0 0 0 0 0 0 0 0 
0 0 0 0 0 0 0 0 0 aux 0 0 0 0 0 0 0 0 0 0 0 0 0 0 0 0 0 0 0 0 0 0 0 auxpass 0 0 0 0 0 0 0 0 0 0 0 0 root 0 0 0 0 0 0 0 0 0 0 0 0 0 0 0 0 0 0 0 0 0 0 
0 0 nmod 0 0 0 0 0 0 0 0 0 0 0 0 0 0 0 0 0 0 0 0 0 0 0 0 0 0 0 0 0 0 0 0 0 0 0 0 0 0 0 0 0 0 0 0 case 
root 0 0 0 0 0 0 0 0 0 0 0 compound:prt 0 0 0 0 0 0 0 
0 0 aux 0 0 0 0 0 0 0 aux 0 0 0 0 0 0 0 aux 0 0 root 0 0 0 0 0 0 
0 0 0 0 0 0 0 0 0 0 0 0 advmod 0 0 0 0 0 0 0 0 0 0 0 0 0 0 0 0 0 0 0 0 0 0 0 0 0 0 0 0 0 0 0 conj 0 0 0 0 0 0 0 0 0 0 0 0 0 0 0 0 0 0 0 0 0 
0 0 0 nsubj 0 0 0 0 0 0 0 0 0 0 0 0 0 0 0 0 cop 0 0 0 0 0 0 0 0 0 0 0 
root 0 0 0 0 punct 
0 0 0 0 0 0 0 0 0 0 0 aux 0 0 0 0 0 0 0 0 0 0 0 0 0 0 0 neg 0 0 0 0 0 0 0 0 0 conj 0 0 0 0 0 0 0 
0 0 0 0 case 0 0 0 0 0 0 0 0 0 0 0 0 0 0 0 0 0 0 0 0 nmod 0 0 0 0 0 0 0 0 0 0 0 0 
0 0 0 0 0 0 0 0 0 0 0 0 0 0 0 det 0 0 0 0 0 0 0 0 0 0 0 0 0 0 0 0 0 0 0 0 0 0 0 0 0 0 0 0 0 0 0 0 0 0 0 0 det 0 0 0 
0 0 0 0 0 0 0 mark 0 0 0 0 0 0 0 0 0 0 mwe 0 0 0 0 0 
root 0 0 0 0 0 
0 0 dobj 0 0 0 0 0 0 0 0 0 0 0 
0 0 0 0 0 0 0 0 0 0 0 auxpass 0 0 0 0 0 0 0 0 0 0 0 0 advcl 0 0 0 0 0 
0 0 0 0 0 aux 0 0 0 
root 0 0 0 0 0 0 0 0 0 0 0 0 0 0 0 0 0 0 0 0 
0 0 0 0 0 0 0 0 0 0 0 0 0 0 advmod 0 
0 0 0 0 0 0 0 0 0 0 0 0 0 0 0 dep 0 0 0 0 0 0 0 0 0 0 0 0 0 0 0 0 0 0 0 0 0 0 0 0 0 compound:prt 0 0 0 0 0 0 
0 0 0 0 0 0 0 0 0 amod 0 0 0 
root 0 0 0 0 0 dep 0 
0 0 advmod 0 0 0 0 0 0 
root 0 0 0 0 0 0 0 nmod:poss 0 0 0 0 0 compound 
0 0 0 0 0 0 0 advcl 0 0 0 0 0 
0 0 0 0 0 0 0 0 0 advmod 0 0 0 0 
0 0 0 0 0 0 0 conj 0 0 0 0 0 0 0 0 
0 0 aux 0 0 0 root 0 0 0 0 0 
0 0 0 0 0 0 0 acl:relcl 0 0 0 0 0 0 0 0 0 0 0 0 0 0 0 0 0 0 compound:prt 0 
0 mark 0 0 0 0 0 0 0 0 0 
0 0 0 advcl 0 0 0 0 0 
0 0 aux 0 0 0 0 0 0 0 0 0 0 0 0 
root 0 0 0 0 0 0 0 0 0 0 0 0 0 0 0 
0 0 0 0 0 0 0 0 0 0 0 0 0 0 det 0 0 0 0 0 0 0 0 0 0 nmod 0 0 0 0 
0 0 0 advcl 0 0 0 
0 0 0 advmod 0 0 0 0 
0 0 0 0 0 0 0 0 0 0 auxpass 0 0 0 0 0 0 0 0 root 0 0 0 0 0 0 0 0 0 0 0 0 0 0 0 0 0 0 
0 0 0 0 0 0 0 0 0 0 0 0 0 dep 0 0 0 0 0 0 
0 0 0 0 0 0 aux 0 0 0 0 
0 0 0 0 0 0 mark 0 0 0 0 0 0 0 0 0 0 0 0 0 xcomp 0 0 0 0 0 0 0 0 0 0 0 0 0 0 0 0 0 nsubj 0 0 0 0 0 0 0 0 0 0 0 0 0 dep 0 0 0 0 0 0 0 
0 0 0 parataxis 0 0 0 0 0 0 dobj 0 0 0 0 0 0 0 
0 0 0 dobj 0 0 0 0 0 0 
0 0 aux 0 0 0 0 0 0 0 0 neg 0 0 0 0 0 0 0 0 auxpass 0 0 0 
0 0 0 0 0 0 0 0 0 0 0 0 0 0 0 0 0 case 0 
0 0 0 aux 0 0 0 0 0 0 0 0 0 0 0 0 0 0 0 0 0 0 0 aux 0 0 0 0 0 0 0 0 0 0 0 0 0 0 0 0 0 0 0 0 0 0 0 0 0 0 0 0 0 0 0 0 ccomp 
0 0 0 0 0 0 0 0 0 0 0 0 0 0 case 0 0 0 0 0 0 0 0 0 0 0 0 0 0 0 0 0 0 0 0 0 0 0 0 0 0 nmod 
0 0 0 0 0 0 0 0 0 0 0 amod 
0 0 0 0 0 0 0 0 cc 0 0 0 0 0 0 0 0 
0 0 0 0 0 0 0 0 0 0 0 0 0 0 acl 0 0 0 0 0 0 0 0 
0 0 nsubj 0 0 0 0 0 aux 0 root 0 0 0 0 
0 0 0 0 0 0 0 0 0 0 advmod 0 0 0 0 0 0 0 0 0 0 0 0 0 0 0 0 0 0 advmod 0 0 0 0 0 0 0 0 0 0 0 0 0 0 0 0 0 0 nummod 0 0 0 0 0 
root 0 0 0 0 0 0 0 0 0 0 0 0 0 0 0 0 0 0 0 0 0 0 0 0 0 0 0 compound:prt 0 
0 0 0 0 0 0 0 0 0 0 0 0 mark 0 0 0 0 0 0 
0 0 0 0 0 0 0 0 0 0 case 0 0 0 
0 0 0 0 0 0 0 det:predet 0 0 0 0 0 0 0 0 0 0 
0 0 0 0 0 0 xcomp 0 0 0 0 0 0 0 0 0 0 0 
0 0 0 0 0 0 0 0 0 0 0 0 aux 0 0 0 0 0 0 0 
0 0 0 0 0 0 0 0 0 0 0 0 0 0 0 0 0 0 0 0 
0 0 0 0 0 0 0 0 0 0 0 0 0 0 0 0 auxpass 0 0 0 0 0 0 0 0 0 0 0 0 0 0 0 0 0 ccomp 0 0 0 0 0 0 0 0 0 
0 0 0 0 0 0 0 0 0 0 0 0 0 0 0 0 0 0 cop 0 0 0 0 0 0 0 0 0 0 0 0 0 0 0 0 0 0 0 0 neg 
0 0 0 0 0 0 0 0 0 0 0 0 0 advmod 0 0 0 0 0 0 0 0 0 0 0 0 0 amod 0 0 0 0 0 0 0 0 0 0 0 0 0 0 0 0 0 0 0 0 case 0 0 
0 0 0 0 0 0 mark 0 0 0 0 0 0 0 0 0 0 0 0 0 0 0 0 0 0 0 0 0 0 0 auxpass 0 0 0 0 0 0 0 0 0 0 0 0 0 0 0 0 0 0 0 xcomp 0 0 0 0 0 0 0 0 0 0 0 0 0 0 0 0 0 0 
0 0 acl 0 0 0 0 0 0 0 0 0 0 0 0 0 0 
0 0 0 acl 0 0 0 0 0 0 0 0 0 0 0 0 0 
0 0 0 0 0 0 0 0 0 0 0 mark 0 0 0 0 0 0 0 0 0 0 0 0 0 0 0 0 dobj 0 0 0 
0 0 0 0 0 0 0 0 0 0 0 0 0 dobj 0 0 0 0 0 0 0 
0 0 0 0 0 0 0 0 0 0 0 0 0 0 mark 0 0 0 0 0 0 
0 0 0 0 0 0 0 0 0 0 0 0 case 0 0 0 0 0 0 
0 0 0 0 0 0 0 0 mark 0 0 0 0 0 0 0 0 0 0 0 0 0 
0 neg 0 0 0 0 0 0 0 0 0 0 0 0 0 0 0 0 0 0 0 0 0 0 0 0 0 cc:preconj 0 0 0 0 0 0 0 0 0 0 0 0 0 0 0 0 0 0 0 0 0 0 root 0 0 0 0 0 0 0 0 0 0 0 0 0 0 0 0 0 0 0 0 0 0 0 0 0 0 0 0 0 0 0 0 0 nsubj 0 0 0 0 0 0 0 0 0 0 0 0 0 0 0 0 0 0 ccomp 0 0 0 0 0 0 0 0 0 0 0 0 0 0 0 0 0 0 0 0 0 
0 0 0 0 0 det 0 0 0 0 0 0 0 0 0 0 0 amod 0 0 0 0 0 0 0 0 0 0 0 0 0 nsubj 0 root 0 0 0 0 0 0 0 0 0 0 
root 0 0 0 0 0 0 0 0 0 0 cop 0 0 0 0 0 0 0 0 0 0 nsubj 0 0 0 0 0 0 0 0 0 0 0 0 mark 0 0 0 0 
0 0 0 0 0 0 0 0 0 0 0 csubj 0 0 0 0 0 0 0 
0 0 0 conj 0 0 0 0 0 0 0 0 0 0 0 0 0 0 0 0 
0 0 0 0 0 0 0 0 0 0 advcl 0 0 0 0 0 0 0 0 0 
root 0 0 0 0 0 0 0 0 0 0 0 0 0 0 0 0 0 0 0 
0 0 amod 0 0 0 0 0 0 0 0 0 0 0 0 0 
0 0 0 0 0 0 0 0 0 0 0 amod 
0 0 0 0 0 advcl 0 0 0 0 0 0 0 
0 0 0 0 0 0 0 0 0 0 0 0 0 advmod 0 0 0 0 0 0 0 0 
0 0 0 0 0 0 0 0 0 0 0 0 0 0 dobj 0 0 0 
0 0 0 0 dobj 0 0 0 0 0 0 0 0 0 
root 0 0 0 0 0 0 0 0 0 0 0 0 0 0 0 0 0 0 0 0 0 0 0 0 0 0 0 compound:prt 0 0 0 0 0 0 0 0 0 
0 0 0 0 0 0 0 0 0 0 advmod 0 
0 0 0 0 aux 0 0 0 0 0 0 0 0 0 0 0 0 0 0 0 0 0 0 0 0 0 aux 0 0 0 0 0 0 0 0 0 0 0 0 0 0 0 root 0 0 0 0 0 0 0 0 0 0 0 0 0 0 0 0 0 0 0 0 
root 0 0 0 0 0 0 0 0 0 0 0 0 0 0 0 0 
0 0 0 aux 0 0 0 0 0 0 0 0 0 0 0 0 0 0 0 0 0 0 0 0 
0 0 0 0 0 0 0 0 0 0 0 0 0 0 0 nsubj 0 0 0 0 
root 0 0 0 0 0 0 0 0 0 0 0 0 0 0 0 0 0 0 0 0 0 0 0 0 0 0 0 0 0 0 compound:prt 0 0 0 0 0 0 0 0 0 0 
0 0 0 0 0 0 0 0 0 0 0 dep 0 0 0 0 0 0 0 0 0 0 0 0 0 
0 0 0 0 cc 0 0 0 0 0 
0 0 0 0 0 0 0 0 0 0 0 0 0 0 0 0 0 0 0 0 aux 0 0 0 0 0 0 0 0 0 0 0 0 0 0 0 0 0 0 0 0 0 0 0 0 0 0 0 0 0 0 0 0 neg 0 0 0 0 0 0 0 0 0 0 
0 0 0 0 0 0 0 0 0 0 0 0 0 xcomp 0 0 0 
0 0 0 0 0 0 0 0 0 0 0 nmod 0 
0 0 0 0 0 0 0 0 0 0 0 det 0 0 0 0 0 0 
0 0 0 0 0 0 0 advmod 0 0 0 0 0 0 0 0 0 0 0 0 0 0 0 0 0 nummod 0 0 0 0 0 0 0 0 0 0 0 0 0 0 0 0 0 nmod:poss 0 0 0 0 0 0 0 0 0 0 0 0 dobj 0 0 0 0 0 0 0 0 0 0 0 
0 0 0 0 0 0 conj 0 0 0 0 0 0 0 0 0 0 0 0 0 0 0 0 0 0 0 0 0 0 0 0 0 0 0 nsubj 0 0 0 0 0 0 0 0 0 0 0 0 0 0 0 0 ccomp 0 0 0 0 0 
0 0 0 0 0 0 0 0 0 0 0 0 0 0 0 0 0 0 0 0 0 0 
0 0 0 0 0 0 0 0 0 0 0 0 0 nsubj 
0 0 0 0 aux 0 0 0 root 0 0 0 0 0 0 0 
0 0 0 dobj 0 0 0 0 0 0 0 0 0 0 0 0 0 0 0 0 0 mark 0 0 0 0 0 0 0 0 0 0 0 0 xcomp 0 0 0 0 0 0 0 0 0 0 
0 0 0 0 0 0 0 0 0 nsubj 0 0 0 0 0 0 0 0 0 0 0 0 0 0 0 0 0 0 0 cop 0 0 0 0 0 0 0 0 
0 0 0 0 0 0 0 0 0 0 0 0 0 0 0 aux 0 0 0 0 0 0 0 0 0 0 0 0 0 0 0 0 0 0 0 0 0 0 0 0 0 aux 0 0 0 0 0 0 0 0 root 0 0 0 0 0 0 0 0 0 0 0 0 0 0 0 0 0 0 0 0 0 0 0 0 
0 0 0 0 0 nmod:poss 0 0 0 0 0 0 0 0 0 0 0 0 0 0 0 0 0 amod 0 0 0 0 0 0 0 0 0 0 0 0 0 0 0 0 0 nsubj 0 0 0 0 0 0 0 0 0 
0 0 0 0 0 0 0 0 0 0 0 0 0 0 0 0 0 aux 0 0 0 0 0 0 0 0 0 0 0 0 0 0 0 0 0 0 0 0 aux 0 0 0 0 0 0 0 0 0 0 0 0 0 0 auxpass 0 0 0 0 0 0 0 0 0 0 ccomp 0 0 0 0 0 0 0 0 0 0 0 0 0 0 0 
0 0 0 0 0 0 0 0 0 0 0 0 0 0 0 0 aux 0 0 0 0 0 
0 aux 0 0 0 0 0 0 0 0 0 0 0 0 0 0 0 0 0 0 0 0 0 0 0 0 0 0 0 0 0 0 advcl 0 0 0 0 0 0 0 0 0 0 0 
0 0 0 0 amod 0 0 0 0 0 0 0 0 0 0 0 0 0 0 0 dobj 
0 0 0 0 0 0 0 0 0 0 0 0 0 0 0 0 0 0 advmod 0 
0 det 0 0 0 0 0 0 0 0 0 0 0 0 0 0 0 0 0 0 0 0 0 0 0 0 0 0 0 0 0 0 0 0 0 0 0 0 cop 0 0 0 
0 case 0 0 0 0 0 0 0 0 0 0 0 0 0 0 
0 mark 0 0 0 0 0 0 0 0 0 0 0 0 0 0 
root 0 0 0 0 0 0 0 0 0 0 0 0 0 0 0 0 0 0 case 0 0 0 0 0 0 0 0 0 0 0 case 0 
0 0 nsubj 0 0 0 0 0 0 0 root 0 0 0 0 0 0 0 0 0 
0 0 cc 0 0 0 0 0 0 0 0 0 0 
0 0 0 0 0 0 0 0 0 0 0 0 0 0 0 0 0 0 0 nsubj 0 0 0 0 
0 0 0 0 punct 0 0 0 0 0 0 0 0 0 0 0 0 0 0 0 0 0 0 0 0 0 0 0 0 0 0 0 det 0 0 0 
root 0 0 0 0 0 0 
0 0 0 0 0 0 0 0 0 0 nmod 0 0 0 0 
0 0 0 0 0 0 0 0 advmod 0 0 0 0 
0 0 0 0 0 0 0 0 0 0 aux 0 0 0 0 0 0 0 0 0 0 0 conj 0 0 0 0 0 0 0 
0 0 0 0 0 0 0 0 0 det 0 0 0 0 0 0 0 0 0 0 0 0 0 0 0 0 amod 0 0 0 0 0 
0 0 0 0 0 0 0 det 0 0 0 0 0 0 0 0 0 0 
0 0 0 aux 0 0 0 0 0 0 0 0 0 
0 0 0 0 0 mark 0 0 0 0 0 0 
0 0 0 0 0 0 0 0 conj 0 0 0 0 0 0 0 0 0 0 0 0 0 0 0 0 0 0 case 
0 0 0 0 0 0 acl 0 0 0 0 0 
0 0 0 0 0 0 0 0 0 0 nsubj 0 0 0 0 0 
root 0 0 0 0 0 0 0 0 0 0 0 0 0 0 0 0 0 0 0 0 ccomp 0 0 0 0 0 0 
0 0 0 0 0 0 0 0 0 case 0 0 0 0 0 0 0 0 0 0 0 
0 0 0 0 0 0 0 0 0 0 0 0 0 0 0 0 dobj 0 0 0 0 0 0 0 0 0 0 0 0 0 0 0 0 0 0 0 0 0 nsubj 0 0 0 0 0 0 0 0 0 0 0 0 0 0 ccomp 0 0 0 0 0 0 0 0 0 
0 0 0 advmod 0 0 0 0 0 0 0 0 0 0 0 
0 0 0 0 0 0 0 advmod 0 0 0 0 0 0 0 
0 neg 0 0 0 0 0 0 0 0 0 0 0 0 0 0 0 0 aux 0 0 0 0 0 0 0 0 0 0 0 0 0 0 0 0 0 0 0 advcl 0 0 0 0 0 0 0 0 0 
0 0 0 0 0 neg 0 0 0 0 0 0 dobj 0 0 0 0 0 
0 0 0 0 0 0 0 0 0 0 0 0 0 0 0 nsubj 0 0 0 0 0 0 0 0 0 0 0 0 0 0 0 0 0 0 0 0 0 0 0 0 0 0 0 0 punct 0 0 0 
0 0 0 0 0 0 0 0 0 0 0 0 0 0 0 0 0 0 mark 
0 0 0 0 0 0 0 0 0 0 0 0 0 conj 0 0 0 0 0 0 0 0 0 0 0 0 0 0 0 0 0 0 0 0 0 0 0 0 0 expl 0 0 0 0 0 0 
0 0 0 0 0 0 0 0 0 0 advmod 0 0 0 0 0 0 0 0 
root 0 0 0 0 0 0 0 0 0 0 0 0 0 0 0 0 0 0 0 0 0 0 0 0 
0 0 0 0 0 advcl 0 0 0 0 0 0 0 0 0 0 0 0 0 0 0 0 0 0 0 0 0 0 0 compound:prt 0 0 0 0 
0 0 nsubj 0 0 0 0 0 root 0 0 0 0 0 0 0 0 0 0 0 0 advmod 0 0 0 0 0 0 0 0 nsubj 0 
0 0 0 0 0 0 0 0 0 0 0 0 0 0 0 0 nsubj 0 0 0 0 0 0 0 0 0 0 0 0 0 0 0 0 0 0 advmod 
root 0 0 0 0 
0 mark 0 0 0 0 0 0 0 0 0 0 0 0 0 0 
0 0 0 0 0 0 0 0 case 0 0 0 0 0 0 0 0 nmod 0 0 0 0 0 0 0 0 0 0 0 0 0 0 0 0 0 0 mark 0 0 
0 0 0 0 0 0 mark 0 0 0 0 0 0 0 0 0 0 0 0 0 0 0 advcl 0 0 0 0 0 0 0 0 0 0 0 0 0 
0 0 0 aux 0 0 0 0 0 0 0 0 0 0 0 0 0 auxpass 0 0 0 0 0 0 0 0 root 0 0 0 0 0 0 0 0 0 0 0 0 
0 0 0 0 0 det 0 0 0 0 0 0 0 0 0 0 0 0 0 0 0 0 0 0 punct 0 0 0 0 0 0 0 
0 0 nsubj 0 0 root 0 0 0 0 0 0 0 neg 0 
0 0 0 0 0 0 0 0 acl 0 0 0 0 0 0 0 0 0 0 0 0 0 0 0 0 0 0 0 0 compound:prt 0 0 0 0 0 0 0 0 0 0 
0 0 0 0 0 0 0 0 0 0 0 amod 0 0 
0 0 0 aux 0 0 0 0 0 0 0 0 0 0 0 0 0 0 0 0 0 0 0 0 0 0 0 0 0 0 0 0 advcl 0 0 0 0 0 0 0 
0 0 amod 0 0 0 0 0 0 0 0 0 0 0 0 0 0 0 0 0 amod 0 0 0 0 0 0 0 0 0 0 0 0 0 0 0 0 0 amod 0 0 0 0 0 0 0 0 0 0 0 0 
0 mark 0 0 0 0 0 0 0 0 0 0 0 0 
0 0 0 0 0 0 0 0 0 advcl 0 0 0 0 0 0 0 0 0 0 0 0 0 
0 nsubj 0 root 0 0 
0 case 0 0 0 0 0 0 0 0 0 0 0 0 0 0 0 nmod 0 0 0 0 0 0 0 0 0 0 
0 0 0 0 0 0 det 0 0 0 0 0 0 0 det 0 0 0 
0 0 0 aux 0 0 0 0 0 0 0 0 0 root 0 0 0 0 0 0 0 0 0 0 0 0 
0 nummod 0 0 0 0 0 0 0 0 0 0 0 0 0 0 0 amod 0 0 0 0 0 0 0 0 0 0 0 0 0 0 0 amod 0 0 0 0 0 0 0 0 0 0 0 0 0 0 0 amod 0 0 0 0 0 0 0 0 0 0 
0 0 0 0 0 0 conj 0 0 0 0 0 0 0 0 0 0 0 0 0 0 0 0 0 0 0 0 0 0 0 0 0 0 0 compound:prt 0 
0 0 aux 0 0 0 0 0 0 0 0 0 0 0 0 0 0 0 0 0 
0 0 nsubj 0 0 0 0 root 0 0 0 0 0 0 0 0 0 advmod 0 0 0 0 0 0 0 0 0 case 
0 0 neg 0 0 0 0 0 0 0 0 root 0 0 0 0 0 0 0 0 0 0 
0 0 0 0 0 0 0 0 0 0 0 0 auxpass 0 0 0 0 0 0 xcomp 0 0 0 0 0 0 0 0 0 0 
root 0 0 0 0 0 0 0 0 0 0 0 0 0 
0 0 mark 0 0 0 0 0 0 0 0 0 0 0 0 0 0 0 0 0 0 
0 0 0 0 0 0 0 0 0 0 0 advmod 0 0 0 0 0 0 0 0 0 0 0 0 0 0 0 mark 0 0 0 0 0 0 0 0 0 xcomp 0 0 0 0 0 0 0 
0 0 0 0 0 0 0 0 0 0 0 0 0 0 nmod 0 0 
0 0 0 0 aux 0 0 0 0 0 0 0 0 0 0 0 0 0 0 0 0 0 0 0 0 advcl 0 0 0 0 0 0 0 0 0 0 0 advmod 0 0 0 0 0 0 0 0 0 0 
0 0 advmod 0 0 0 0 0 0 0 0 0 0 0 0 0 0 0 0 0 0 0 0 
0 0 0 0 0 0 0 0 0 0 nmod 0 0 0 0 
0 0 0 0 0 0 0 0 0 0 0 aux 0 0 0 0 0 0 0 0 0 0 ccomp 0 0 0 0 0 
0 0 0 0 det 0 0 0 0 0 0 0 0 0 0 0 0 0 advmod 0 0 0 0 0 
0 0 0 neg 0 0 0 0 0 0 0 0 0 0 0 0 0 0 case 0 0 0 0 0 0 0 0 0 root 0 0 0 0 0 0 0 0 0 0 0 0 0 0 0 0 0 0 0 0 mark 0 0 0 0 0 0 0 0 0 0 0 0 0 0 nsubj 0 0 0 0 0 0 0 0 0 0 ccomp 0 0 0 0 0 0 0 0 
0 0 0 0 0 0 0 det 0 0 0 0 0 0 0 0 0 0 0 0 0 0 appos 0 0 0 0 0 0 0 0 0 0 0 0 0 0 0 0 0 0 mark 0 0 0 0 0 0 0 0 0 0 0 0 0 0 0 0 nsubj 0 0 0 0 0 
0 0 0 aux 0 
0 0 0 0 0 0 0 0 0 0 advmod 0 0 0 0 0 0 0 
0 advmod 0 0 0 0 0 0 0 0 0 0 0 0 0 0 0 0 0 0 0 0 0 0 0 0 0 0 0 0 0 0 advcl 0 0 0 0 0 0 0 
0 0 0 0 0 0 0 0 0 0 det 0 0 0 0 0 0 0 0 0 0 0 0 nmod 0 0 0 0 0 0 
root 0 0 0 0 0 0 0 0 0 0 0 0 0 0 0 
0 0 0 xcomp 0 0 0 0 0 0 0 0 0 0 0 0 0 0 0 0 0 0 0 0 0 0 case 0 0 0 0 0 0 0 0 0 0 0 
root 0 0 0 0 0 0 0 0 0 0 0 0 0 0 0 0 0 0 0 0 0 0 0 0 0 0 0 0 case 
0 0 0 0 0 aux 0 0 0 0 0 0 0 0 0 neg 0 0 0 0 0 0 0 0 0 auxpass 0 
root 0 0 0 0 0 0 0 0 0 0 
root 0 0 0 0 0 
0 0 0 0 0 aux 0 0 0 0 0 0 0 0 0 root 0 0 0 0 0 0 0 0 0 0 0 0 0 0 
0 0 det 0 0 0 0 
0 0 0 det 0 0 0 0 0 0 0 0 0 0 0 0 0 0 0 0 0 0 0 det 0 0 0 0 
0 0 0 0 0 0 0 0 0 0 0 0 0 0 0 0 0 aux 0 0 0 0 0 0 0 0 0 0 0 0 ccomp 0 0 0 0 0 0 0 0 0 0 0 
0 0 nsubj 0 0 0 0 0 0 0 aux 0 0 0 0 0 0 0 neg 0 0 root 0 0 0 0 0 0 
0 0 0 0 0 0 0 0 0 0 0 0 0 0 cc 0 0 0 0 0 0 0 0 0 0 0 0 0 0 0 0 0 0 0 0 0 case 0 0 0 
0 0 0 0 0 0 0 0 0 0 0 0 mark 0 0 0 0 0 0 0 0 0 0 0 0 0 0 0 0 0 0 auxpass 0 0 0 0 0 0 0 0 0 0 xcomp 0 0 0 0 0 0 0 0 0 0 0 
root 0 0 0 0 0 0 0 0 0 0 0 0 
0 0 0 0 0 0 0 0 0 0 advmod 0 0 0 root 0 0 0 0 0 0 0 0 0 0 0 0 0 
0 0 0 0 0 0 0 0 0 0 0 case 0 0 
0 0 0 0 0 0 0 0 0 0 0 0 0 mark 0 0 0 0 0 0 0 0 
0 0 nsubj 0 0 0 0 0 0 0 0 0 aux 0 0 0 0 0 0 0 0 0 aux 0 0 0 0 
0 0 0 0 ccomp 0 0 0 0 0 0 0 0 0 0 0 0 0 0 0 0 0 0 0 0 0 compound:prt 0 0 0 0 0 0 0 0 0 
0 0 0 0 0 0 0 0 0 0 0 0 0 0 acl 0 0 0 0 
0 0 0 0 0 0 0 0 mark 0 0 0 0 0 0 0 0 0 
0 0 0 0 cc 0 0 0 0 0 0 0 0 
0 0 0 0 0 0 0 0 0 0 0 amod 0 0 0 0 0 0 0 0 0 0 0 0 0 0 amod 0 0 0 0 0 0 0 0 0 0 0 0 0 0 amod 
0 0 dep 0 root 0 0 0 
0 0 0 0 0 0 det 0 0 0 0 0 0 0 0 dobj 0 0 0 0 
0 0 0 0 0 0 0 0 0 0 0 0 mark 0 0 0 0 0 0 0 0 0 0 0 0 0 0 0 0 0 0 0 0 0 0 0 aux 0 0 0 0 0 0 0 0 0 0 0 0 0 0 0 0 0 0 0 0 xcomp 0 0 0 0 0 0 0 0 0 0 0 
0 0 0 0 0 0 0 0 0 0 0 0 0 0 aux 0 0 0 0 0 0 0 0 0 0 0 0 0 0 0 0 0 0 0 nsubj 0 0 0 0 0 0 0 0 0 0 0 0 0 0 0 dep 0 0 0 0 0 0 
0 0 0 0 0 0 0 0 0 0 0 0 0 mark 0 0 0 0 
0 0 0 0 0 0 0 0 0 0 0 0 0 0 0 0 cop 0 0 0 0 
0 nsubj 0 0 0 0 0 0 0 0 0 0 0 
0 0 0 0 0 0 0 0 0 advcl 0 0 0 0 0 0 0 0 0 0 0 
0 0 0 0 0 0 0 0 0 0 0 0 0 0 
0 0 0 0 acl 0 0 0 0 0 0 0 0 0 0 0 0 0 0 0 compound:prt 0 0 0 0 0 0 0 0 0 0 0 0 0 case 0 
0 0 0 0 0 advcl 0 0 0 0 0 0 0 0 0 0 0 0 
root 0 0 
0 0 0 0 0 0 0 0 0 0 0 0 0 0 0 0 0 0 0 mark 0 0 0 0 0 0 0 0 0 0 0 0 0 0 0 0 nsubjpass 0 0 0 
